
lvis
  label  seg_miou  seg_fg_iou  seg_bg_iou  cls_fg_iou  cls_miou
0  MEAN  0.558707    0.132277    0.985136    0.193407  0.589272
lvis
  label  seg_miou  seg_fg_iou  seg_bg_iou  cls_fg_iou  cls_miou
0  MEAN  0.633482     0.28087    0.986095    0.170065   0.57808
lvis
  label  seg_miou  seg_fg_iou  seg_bg_iou  cls_fg_iou  cls_miou
0  MEAN  0.574216    0.163141    0.985291    0.173341  0.579316
lvis
  label  seg_miou  seg_fg_iou  seg_bg_iou  cls_fg_iou  cls_miou
0  MEAN  0.555565    0.125995    0.985135    0.169874  0.577504
lvis
  label  seg_miou  seg_fg_iou  seg_bg_iou  cls_fg_iou  cls_miou
0  MEAN  0.559496    0.133873    0.985119    0.173513  0.579316
lvis
  label  seg_miou  seg_fg_iou  seg_bg_iou  cls_fg_iou  cls_miou
0  MEAN  0.589743    0.194176     0.98531    0.170367  0.577838
[53, 48, 27, 48, 8, 17, 5, 14, 7, 23, 15, 6, 32, 9, 2, 41, 4, 15, 31, 41, 16, 13, 50, 45, 48, 13, 54, 54, 11, 38, 45, 45, 22, 2, 4, 10, 49, 2, 14, 5, 45, 54, 38, 43, 12, 37, 30, 4, 6, 8, 13, 56, 46, 30, 31, 55, 16, 49, 21, 55, 34, 50, 15, 5, 26, 15, 32, 27, 40, 55, 31, 53, 20, 8, 28, 9, 42, 46, 12, 13, 19, 49, 23, 35, 42, 35, 43, 34, 5, 0, 9, 49, 40, 26, 19, 4, 35, 37, 23, 1, 35, 7, 41, 7, 31, 55, 42, 50, 9, 54, 9, 34, 40, 3, 52, 31, 42, 10, 19, 31, 29, 18, 1, 0, 6, 24, 2, 1, 3, 47, 21, 37, 25, 18, 54, 8, 10, 27, 17, 23, 9, 13, 48, 28, 32, 39, 24, 22, 49, 1, 21, 28, 15, 25, 32, 40, 25, 12, 28, 4, 18, 4, 23, 48, 31, 0, 39, 0, 33, 5, 5, 42, 37, 30, 9, 11, 34, 50, 28, 14, 17, 9, 3, 18, 40, 3, 53, 26, 45, 20, 12, 55, 25, 33, 18, 24, 28, 56, 18, 29, 5, 1, 38, 43, 1, 41, 21, 35, 39, 17, 34, 54, 47, 24, 43, 41, 21, 46, 15, 36, 19, 9, 18, 7, 42, 0, 12, 44, 0, 48, 8, 43, 9, 40, 20, 32, 54, 18, 24, 49, 9, 50, 8, 34, 12, 36, 48, 37, 0, 56, 48, 36, 5, 4, 46, 16, 31, 19, 1, 25, 7, 43, 7, 52, 54, 16, 30, 25, 6, 28, 19, 13, 1, 25, 11, 35, 55, 33, 51, 17, 56, 8, 26, 12, 55, 3, 45, 16, 12, 52, 53, 23, 50, 41, 46, 17, 9, 15, 48, 26, 3, 47, 29, 39, 32, 28, 53, 1, 9, 7, 27, 5, 48, 51, 25, 52, 28, 46, 9, 18, 37, 39, 12, 26, 51, 0, 19, 45, 37, 48, 46, 30, 52, 33, 52, 54, 11, 5, 43, 35, 10, 31, 29, 31, 56, 32, 51, 19, 15, 25, 32, 17, 24, 30, 54, 51, 0, 5, 13, 20, 10, 6, 55, 0, 45, 19, 11, 45, 29, 13, 39, 14, 39, 37, 32, 37, 20, 6, 19, 44, 16, 28, 43, 31, 12, 29, 31, 43, 50, 6, 8, 19, 29, 1, 27, 22, 50, 18, 16, 48, 18, 28, 44, 23, 52, 21, 41, 49, 56, 11, 14, 12, 51, 25, 23, 44, 34, 32, 15, 50, 43, 9, 12, 2, 4, 43, 22, 18, 20, 22, 54, 51, 42, 48, 32, 46, 26, 9, 28, 1, 8, 12, 24, 44, 6, 2, 24, 54, 41, 11, 54, 33, 22, 43, 16, 21, 38, 7, 28, 0, 8, 36, 52, 22, 45, 49, 36, 56, 25, 30, 42, 53, 4, 29, 24, 55, 9, 44, 55, 44, 1, 7, 32, 33, 52, 49, 48, 47, 10, 23, 16, 27, 10, 11, 1, 45, 10, 8, 54, 22, 27, 13, 55, 29, 45, 41, 5, 45, 22, 39, 23, 6, 43, 27, 45, 4, 29, 45, 51, 14, 5, 49, 40, 22, 55, 43, 21, 48, 34, 19, 31, 25, 21, 33, 13, 42, 2, 47, 52, 5, 21, 32, 44, 30, 54, 5, 4, 26, 12, 33, 7, 37, 53, 15, 34, 34, 40, 19, 55, 16, 36, 41, 49, 49, 40, 32, 9, 26, 40, 47, 2, 33, 53, 56, 9, 12, 0, 10, 35, 33, 14, 53, 35, 52, 14, 29, 1, 55, 32, 20, 42, 34, 43, 28, 47, 16, 18, 3, 14, 1, 33, 19, 17, 19, 25, 27, 56, 51, 40, 3, 29, 10, 23, 56, 27, 22, 12, 38, 42, 2, 9, 52, 15, 8, 52, 14, 52, 40, 28, 36, 40, 54, 27, 36, 50, 22, 19, 22, 40, 8, 5, 34, 6, 29, 34, 42, 3, 37, 43, 12, 40, 42, 40, 6, 23, 33, 51, 22, 10, 22, 39, 23, 14, 34, 3, 28, 45, 18, 44, 16, 24, 51, 23, 11, 22, 23, 51, 2, 1, 3, 2, 3, 23, 54, 25, 12, 49, 54, 54, 23, 11, 41, 38, 20, 33, 41, 2, 14, 0, 14, 24, 56, 41, 21, 29, 42, 16, 34, 34, 21, 47, 37, 16, 36, 12, 24, 33, 27, 53, 24, 3, 54, 37, 37, 9, 4, 23, 26, 12, 47, 30, 2, 2, 6, 46, 28, 18, 43, 28, 43, 1, 24, 52, 20, 23, 5, 53, 19, 56, 56, 56, 30, 12, 0, 26, 56, 21, 42, 28, 2, 49, 18, 49, 6, 29, 1, 36, 25, 27, 8, 12, 44, 3, 43, 42, 43, 41, 10, 20, 9, 32, 24, 41, 4, 38, 34, 13, 50, 48, 7, 28, 44, 40, 34, 30, 56, 13, 2, 25, 15, 43, 28, 53, 39, 31, 24, 55, 41, 42, 5, 18, 8, 39, 32, 47, 45, 37, 4, 14, 54, 8, 20, 38, 50, 37, 7, 19, 11, 3, 6, 45, 25, 15, 48, 7, 4, 47, 53, 31, 33, 32, 14, 14, 33, 43, 48, 18, 14, 12, 11, 12, 55, 18, 19, 56, 33, 41, 37, 11, 20, 17, 47, 7, 18, 34, 10, 43, 26, 34, 17, 42, 52, 38, 30, 9, 49, 39, 8, 0, 32, 20, 50, 27, 14, 50, 0, 49, 9, 9, 33, 17, 27, 37, 21, 41, 12, 15, 36, 49, 27, 22, 19, 0, 0, 49, 1, 0, 56, 53, 28, 44, 32, 29, 5, 12, 25, 35, 47, 9, 5, 32, 38, 27, 20, 16, 12, 19, 18, 21, 41, 4, 13, 10, 39, 54, 55, 9, 29, 35, 6, 29, 26, 15, 11, 46, 28, 47, 21, 39, 47, 27, 13, 52, 17, 26, 23, 8, 13, 16, 53, 44, 33, 30, 11, 28, 39, 35, 53, 19, 24, 6, 21, 27, 55, 33, 37, 54, 52, 18, 30, 46, 18, 24, 13, 25, 11, 1, 14, 19, 22, 16, 25, 26, 16, 13, 5, 19, 5, 12, 44, 1, 8, 27, 50, 21, 24, 6, 16, 53, 48, 53, 4, 10, 0, 9, 54, 41, 39, 10, 14, 39, 1, 41, 12, 29, 4, 52, 6, 52, 41, 5, 30, 26, 47, 20, 43, 14, 46, 51, 9, 19, 14, 15, 28, 38, 14, 17, 51, 21, 26, 5, 39, 37, 40, 44, 46, 10, 45, 13, 53, 49, 40, 5, 3, 4, 30, 1, 52, 5, 5, 25, 35, 30, 47, 16, 18, 17, 10, 28, 23, 16, 11, 25, 44, 49, 34, 24, 0, 35, 35, 37, 10, 29, 29, 26, 50, 53, 49, 22, 46, 40, 17, 39, 4, 49, 9, 39, 40, 53, 26, 15, 19, 34, 52, 22, 48, 11, 14, 13, 5, 6, 19, 26, 20, 41, 37, 39, 2, 46, 42, 22, 6, 5, 15, 48, 45, 30, 46, 28, 42, 6, 41, 33, 32, 23, 39, 17, 42, 28, 12, 5, 55, 4, 32, 54, 3, 16, 27, 52, 17, 42, 50, 43, 35, 43, 21, 24, 17, 30, 1, 43, 7, 28, 35, 8, 39, 54, 42, 7, 11, 33, 25, 7, 40, 31, 18, 30, 2, 5, 46, 15, 21, 41, 1, 35, 21, 48, 49, 37, 13, 47, 27, 23, 5, 56, 2, 39, 42, 19, 7, 33, 44, 22, 20, 24, 27, 45, 51, 35, 36, 31, 27, 2, 16, 21, 49, 16, 33, 8, 27, 1, 26, 53, 41, 31, 25, 5, 34, 17, 2, 1, 55, 2, 45, 8, 21, 42, 35, 40, 45, 41, 36, 17, 41, 30, 56, 17, 28, 39, 40, 29, 29, 34, 46, 43, 20, 21, 53, 46, 5, 51, 10, 17, 33, 8, 55, 3, 4, 1, 42, 28, 12, 23, 55, 24, 52, 25, 27, 27, 13, 40, 29, 50, 12, 32, 9, 54, 35, 11, 8, 35, 41, 35, 9, 48, 44, 1, 7, 24, 9, 46, 5, 19, 46, 5, 50, 56, 30, 37, 15, 3, 10, 51, 18, 29, 0, 27, 1, 0, 18, 35, 42, 45, 21, 6, 17, 26, 12, 39, 38, 34, 31, 18, 7, 43, 1, 2, 56, 52, 49, 12, 6, 41, 11, 33, 44, 14, 18, 40, 55, 44, 27, 30, 5, 47, 9, 54, 11, 7, 55, 42, 19, 51, 11, 33, 40, 49, 28, 24, 50, 25, 32, 47, 16, 15, 56, 10, 37, 43, 10, 3, 13, 21, 4, 51, 14, 33, 36, 21, 56, 27, 41, 46, 30, 3, 30, 34, 29, 30, 16, 38, 2, 38, 29, 10, 3, 53, 34, 56, 53, 22, 37, 52, 38, 7, 52, 46, 19, 53, 28, 44, 42, 51, 32, 37, 26, 42, 50, 2, 40, 12, 22, 26, 19, 13, 9, 7, 12, 31, 10, 36, 25, 38, 39, 30, 31, 7, 0, 33, 45, 13, 51, 22, 1, 39, 19, 50, 27, 29, 18, 7, 56, 29, 55, 2, 31, 2, 29, 35, 0, 12, 29, 26, 2, 49, 12, 44, 53, 43, 52, 9, 42, 30, 9, 2, 17, 33, 52, 54, 55, 22, 6, 52, 29, 31, 5, 18, 48, 33, 33, 19, 32, 38, 37, 6, 39, 27, 35, 40, 42, 7, 56, 21, 27, 40, 54, 53, 36, 31, 46, 1, 50, 31, 53, 44, 33, 0, 26, 27, 42, 50, 41, 22, 33, 19, 21, 20, 40, 5, 43, 39, 6, 17, 34, 17, 19, 20, 15, 5, 56, 50, 1, 52, 30, 3, 8, 30, 39, 39, 32, 30, 39, 38, 53, 15, 12, 45, 27, 29, 43, 12, 22, 15, 39, 39, 7, 2, 55, 51, 14, 9, 53, 33, 33, 4, 35, 6, 50, 10, 53, 14, 6, 33, 38, 19, 13, 50, 23, 18, 1, 45, 28, 13, 2, 53, 19, 16, 49, 54, 22, 49, 47, 17, 2, 55, 21, 43, 48, 12, 4, 16, 28, 50, 0, 25, 36, 47, 53, 16, 28, 24, 34, 39, 51, 45, 13, 33, 56, 50, 15, 51, 42, 11, 18, 2, 42, 53, 23, 12, 53, 3, 5, 45, 19, 20, 53, 4, 39, 33, 20, 47, 26, 11, 45, 14, 5, 16, 45, 24, 18, 51, 14, 8, 36, 46, 19, 16, 6, 3, 17, 33, 14, 12, 49, 0, 52, 6, 30, 3, 48, 51, 8, 49, 56, 47, 12, 1, 13, 56, 54, 50, 35, 16, 27, 47, 52, 11, 42, 39, 29, 17, 28, 34, 41, 55, 55, 25, 15, 2, 45, 13, 15, 14, 48, 52, 10, 49, 27, 31, 43, 2, 3, 41, 38, 40, 1, 36, 39, 37, 41, 38, 39, 44, 38, 1, 26, 51, 46, 30, 37, 53, 39, 51, 29, 44, 12, 50, 8, 4, 6, 52, 7, 54, 49, 40, 15, 11, 7, 27, 56, 0, 25, 55, 44, 34, 4, 56, 7, 29, 44, 39, 27, 19, 17, 39, 34, 30, 43, 24, 41, 36, 40, 28, 47, 29, 22, 45, 44, 18, 53, 34, 11, 7, 49, 17, 49, 34, 14, 4, 27, 22, 0, 12, 12, 51, 23, 47, 46, 32, 2, 47, 38, 10, 17, 42, 37, 40, 22, 36, 48, 40, 43, 36, 20, 40, 18, 48, 27, 6, 27, 39, 8, 31, 15, 31, 30, 8, 51, 12, 36, 49, 51, 38, 12, 24, 22, 55, 23, 35, 19, 14, 1, 10, 10, 48, 33, 36, 12, 22, 16, 45, 48, 19, 15, 3, 41, 49, 38, 33, 50, 28, 26, 7, 15, 50, 1, 23, 6, 39, 1, 26, 10, 16, 7, 42, 46, 32, 55, 52, 21, 13, 26, 54, 35, 25, 29, 55, 48, 9, 0, 2, 31, 47, 15, 18, 28, 29, 30, 36, 37, 5, 13, 3, 31, 25, 8, 1, 29, 6, 23, 4, 10, 18, 53, 5, 43, 44, 55, 29, 47, 9, 34, 30, 50, 33, 11, 24, 21, 43, 38, 40, 15, 2, 29, 23, 6, 41, 49, 30, 51, 28, 0, 7, 38, 9, 37, 39, 36, 45, 8, 27, 52, 40, 5, 23, 27, 33, 32, 48, 41, 8, 16, 23, 47, 48, 39, 21, 9, 17, 37, 22, 56, 34, 29, 14, 49, 35, 53, 21, 4, 32, 11, 25, 37, 19, 21, 16, 9, 12, 7, 48, 13, 53, 34, 36, 33, 52, 27, 33, 42, 43, 3, 22, 30, 55, 15, 26, 34, 27, 19, 24, 52, 38, 35, 24, 7, 0, 36, 32, 14, 54, 46, 51, 7, 50, 1, 0, 46, 22, 17, 6, 46, 11, 50, 22, 10, 24, 42, 20, 29, 33, 35, 19, 17, 52, 26, 51, 56, 50, 36, 35, 53, 30, 0, 16, 22, 6, 46, 39, 33, 19, 15, 53, 1, 32, 27, 50, 41, 30, 9, 49, 45, 24, 19, 11, 17, 12, 53, 50, 45, 26, 0, 29, 9, 30, 8, 6, 17, 34, 19, 24, 19, 37, 11, 38, 35, 17, 48, 53, 7, 53, 16, 31, 1, 27, 18, 14, 26, 54, 0, 34, 13, 54, 35, 56, 48, 41, 2, 43, 46, 13, 2, 56, 50, 38, 11, 45, 1, 46, 30, 37, 4, 47, 50, 51, 11, 4, 2, 0, 24, 45, 35, 55, 26, 55, 13, 50, 6, 48, 2, 42, 34, 4, 41, 44, 9, 18, 15, 50, 54, 6, 8, 40, 47, 15, 23, 11, 30, 41, 2, 52, 19, 17, 2, 52, 3, 2, 15, 27, 3, 16, 39, 17, 33, 23, 0, 33, 34, 14, 37, 16, 15, 13, 13, 42, 10, 32, 7, 50, 11, 28, 43, 24, 53, 54, 28, 31, 3, 47, 18, 6, 26, 20, 25, 7, 7, 50, 17, 37, 3, 55, 44, 34, 12, 22, 44, 16, 30, 45, 23, 11, 45, 38, 54, 15, 25, 53, 6, 39, 45, 46, 3, 28, 5, 0, 14, 24, 37, 54, 23, 13, 43, 9, 19, 5, 26, 39, 16, 7, 9, 21, 16, 10, 0, 21, 22, 13, 25, 37, 38, 29, 9, 47, 5, 21, 7, 39, 4, 27, 22, 10, 7, 18, 24, 33, 46, 21, 14, 4, 46, 51, 29, 48, 23, 34, 12, 4, 35, 14, 0, 17, 20, 1, 31, 54, 22, 20, 22, 13, 55, 0, 2, 44, 49, 49, 55, 35, 32, 19, 25, 14, 51, 54, 31, 19, 47, 9, 6, 1, 44, 16, 56, 27, 34, 28, 38, 22, 6, 33, 50, 31, 39, 44, 31, 42, 21, 27, 12, 55, 40, 30, 3, 4, 36, 21, 17, 54, 46, 11, 20, 55, 55, 34, 51, 18, 8, 3, 44, 1, 6, 17, 21, 6, 10, 21, 34, 46, 1, 7, 36, 49, 13, 47, 2, 17, 34, 23, 30, 29, 9, 34, 34, 26, 37, 48, 55, 0, 48, 46, 15, 48, 31, 53, 34, 11, 6, 29, 16, 26, 16, 8, 13, 42, 56, 16, 36, 13, 47, 48, 50, 7, 14, 14, 31, 27, 34, 17, 0, 35, 37, 5, 2, 42, 41, 2, 11, 36, 26, 9, 50, 40, 45, 36, 27, 25, 47, 18, 21, 5, 51, 13, 12, 27, 52, 46, 2, 31, 45, 13, 54, 40, 14, 33, 36, 44, 22, 53, 34, 28, 14, 3, 36, 53, 25, 25, 12, 3, 49, 37, 21, 6, 52, 11, 23, 39, 30, 14, 8, 7, 25, 45, 27, 49, 17, 32, 54, 44, 28, 15, 35, 12, 44, 49, 31, 24, 32, 8, 22, 10, 26, 24, 11, 4, 29, 45, 11, 7, 44, 53, 23, 25, 12, 25, 47, 29, 8, 56, 16, 26, 0, 19, 33, 14, 30, 38, 20, 46, 40, 9, 16, 7, 56, 7, 28, 48, 11, 8, 2, 40, 21, 26, 15, 21, 19, 49, 30, 32, 54, 4, 34, 28, 15, 20, 18, 24, 41, 33, 15, 11, 9, 51, 47, 8, 37, 24, 26, 43, 19, 18, 39, 10, 33, 18, 13, 2, 25, 46, 3, 27, 17, 25, 35, 41, 46, 39, 20, 20, 8, 20, 55, 43, 43, 23, 34, 35, 53, 40, 26, 9, 46, 10, 30, 35, 46, 16, 46, 31, 11, 30, 53, 32, 24, 13, 45, 47, 46, 41, 18, 12, 4, 20, 1, 55, 41, 15, 25, 36, 0, 38, 18, 33, 34, 29, 24, 8, 43, 40, 13, 25, 54, 44, 11, 24, 23, 17, 48, 24, 3, 2, 39, 15, 1, 38, 13, 53, 15, 18, 47, 15, 49, 17, 2, 10, 51, 3, 32, 31, 49, 8, 31, 55, 45, 29, 36, 33, 51, 44, 23, 44, 7, 56, 27, 53, 14, 38, 33, 26, 7, 35, 10, 20, 52, 15, 39, 49, 5, 54, 3, 22, 44, 9, 39, 17, 34, 40, 28, 33, 18, 53, 22, 8, 43, 20, 31, 44, 51, 49, 31, 27, 42, 18, 25, 36, 13, 9, 32, 22, 50, 17, 43, 6, 52, 34, 12, 53, 4, 30, 54, 17, 51, 31, 25, 13, 55, 14, 46, 49, 44, 39, 23, 4, 23, 23, 31, 54, 18, 24, 35, 44, 2, 13, 50, 56, 49, 51, 7, 45, 54, 27, 50, 47, 39, 31, 44, 45, 6, 40, 14, 16, 3, 39, 50, 34, 52, 39, 18, 21, 6, 24, 39, 25, 2, 37, 11, 13, 11, 51, 19, 24, 19, 40, 36, 3, 2, 55, 44, 19, 2, 32, 49, 36, 47, 15, 52, 6, 51, 7, 29, 39, 30, 53, 40, 5, 40, 22, 40, 15, 53, 13, 34, 34, 1, 23, 23, 17, 35, 46, 47, 5, 10, 39, 48, 37, 54, 9, 26, 36, 38, 39, 26, 20, 35, 4, 3, 46, 38, 33, 25, 27, 11, 16, 4, 7, 47, 21, 34, 15, 46, 13, 25, 26, 15, 4, 28, 26, 56, 35, 49, 54, 30, 46, 51, 1, 13, 36, 0, 53, 17, 41, 49, 46, 16, 17, 47, 15, 40, 47, 21, 1, 22, 2, 43, 17, 8, 23, 5, 25, 28, 23, 30, 2, 53, 40, 11, 50, 8, 2, 37, 5, 27, 8, 6, 35, 3, 48, 20, 25, 9, 42, 12, 54, 17, 26, 46, 36, 21, 11, 13, 47, 10, 18, 7, 27, 51, 38, 20, 8, 11, 5, 45, 12, 42, 47, 11, 36, 13, 53, 45, 10, 3, 31, 38, 15, 0, 27, 12, 2, 49, 21, 24, 46, 17, 10, 25, 12, 25, 55, 43, 32, 25, 27, 9, 14, 25, 37, 30, 13, 39, 14, 28, 17, 6, 15, 24, 11, 51, 49, 23, 42, 50, 23, 41, 27, 9, 24, 54, 10, 14, 27, 49, 31, 29, 31, 39, 18, 7, 3, 55, 9, 30, 39, 45, 30, 26, 3, 36, 35, 45, 5, 41, 45, 41, 0, 20, 55, 56, 14, 12, 13, 32, 0, 48, 48, 23, 56, 37, 17, 2, 7, 26, 31, 24, 1, 8, 52, 49, 5, 52, 28, 19, 43, 1, 27, 15, 46, 2, 38, 30, 27, 43, 45, 55, 38, 10, 2, 53, 16, 8, 39, 21, 30, 1, 47, 23, 55, 6, 31, 46, 33, 34, 51, 6, 33, 53, 20, 30, 9, 35, 22, 32, 26, 45, 52, 12, 18, 37, 35, 36, 2, 23, 27, 13, 10, 24, 13, 4, 20, 49, 44, 44, 10, 26, 7, 26, 30, 30, 55, 35, 42, 6, 52, 2, 23, 18, 24, 15, 29, 51, 17, 18, 43, 31, 15, 32, 31, 6, 49, 21, 3, 39, 55, 39, 13, 28, 4, 2, 28, 3, 23, 21, 51, 42, 30, 16, 28, 43, 39, 48, 12, 17, 44, 17, 45, 2, 26, 30, 31, 10, 37, 12, 56, 44, 35, 55, 54, 11, 23, 46, 43, 47, 56, 47, 18, 23, 54, 8, 30, 48, 45, 26, 11, 40, 0, 19, 24, 21, 47, 32, 4, 45, 18, 38, 11, 51, 20, 16, 15, 23, 50, 46, 40, 21, 8, 33, 31, 36, 24, 29, 7, 42, 10, 44, 43, 55, 51, 56, 45, 38, 35, 42, 39, 0, 49, 32, 24, 20, 44, 53, 39, 37, 51, 56, 38, 29, 43, 26, 48, 6, 19, 47, 10, 56, 19, 8, 42, 21, 20, 11, 9, 42, 5, 22, 19, 47, 2, 32, 34, 43, 44, 17, 27, 17, 22, 27, 43, 23, 25, 32, 1, 43, 48, 15, 52, 25, 25, 22, 29, 52, 32, 54, 53, 46, 17, 20, 14, 32, 0, 24, 48, 44, 25, 48, 28, 3, 34, 48, 37, 7, 47, 22, 32, 32, 31, 46, 25, 34, 34, 30, 49, 28, 19, 23, 56, 21, 24, 10, 37, 39, 3, 36, 45, 3, 48, 11, 56, 17, 4, 10, 31, 6, 44, 3, 8, 5, 32, 46, 33, 24, 31, 8, 36, 29, 31, 33, 6, 28, 43, 40, 53, 41, 49, 22, 10, 33, 20, 30, 47, 22, 55, 55, 22, 45, 18, 0, 1, 18, 38, 52, 4, 12, 30, 31, 35, 37, 50, 13, 43, 24, 18, 27, 35, 7, 23, 0, 16, 11, 36, 49, 4, 54, 21, 44, 6, 39, 23, 35, 56, 26, 12, 44, 27, 50, 48, 40, 33, 16, 40, 50, 42, 0, 16, 10, 47, 9, 25, 42, 54, 1, 5, 41, 20, 29, 18, 33, 2, 48, 44, 53, 33, 8, 3, 50, 22, 20, 15, 6, 41, 4, 2, 26, 8, 5, 11, 18, 21, 7, 30, 47, 7, 52, 8, 33, 13, 47, 47, 50, 56, 34, 23, 11, 53, 49, 22, 1, 37, 10, 34, 55, 27, 46, 26, 27, 6, 20, 26, 4, 45, 41, 19, 25, 55, 41, 38, 42, 12, 8, 5, 32, 14, 20, 36, 2, 32, 39, 48, 46, 6, 32, 22, 20, 11, 29, 28, 0, 2, 22, 22, 25, 44, 24, 26, 19, 41, 6, 22, 39, 16, 53, 27, 32, 49, 46, 34, 18, 37, 13, 35, 35, 26, 17, 34, 15, 8, 48, 47, 32, 8, 2, 34, 37, 28, 37, 54, 11, 42, 32, 30, 50, 12, 13, 2, 9, 1, 54, 41, 5, 53, 41, 51, 51, 51, 37, 15, 32, 30, 46, 14, 29, 7, 11, 45, 55, 56, 31, 2, 40, 54, 12, 20, 47, 46, 16, 40, 2, 27, 10, 43, 53, 22, 28, 35, 28, 29, 15, 22, 32, 32, 35, 19, 0, 38, 55, 43, 26, 45, 0, 6, 26, 34, 14, 22, 56, 50, 7, 27, 22, 29, 24, 54, 26, 34, 53, 44, 5, 32, 5, 49, 37, 54, 17, 50, 22, 55, 28, 5, 19, 41, 0, 32, 56, 24, 26, 5, 47, 4, 45, 56, 27, 13, 56, 3, 23, 26, 53, 2, 24, 39, 37, 47, 31, 42, 19, 8, 12, 8, 51, 48, 16, 36, 51, 5, 24, 38, 38, 54, 21, 0, 31, 1, 23, 10, 48, 45, 9, 45, 52, 51, 33, 48, 17, 8, 47, 13, 38, 54, 39, 0, 43, 53, 51, 49, 38, 22, 6, 41, 21, 44, 33, 52, 1, 47, 6, 20, 6, 26, 37, 49, 11, 45, 55, 41, 21, 19, 40, 22, 13, 25, 39, 15, 28, 46, 51, 33, 37, 6, 50, 47, 51, 50, 24, 34, 39, 42, 12, 49, 0, 8, 16, 40, 37, 35, 50, 21, 47, 52, 6, 20, 0, 36, 4, 26, 49, 24, 22, 45, 55, 37, 23, 41, 10, 15, 13, 40, 38, 23, 21, 28, 17, 40, 22, 12, 39, 0, 47, 20, 33, 18, 35, 42, 52, 36, 2, 3, 30, 11, 42, 1, 0, 11, 44, 15, 24, 16, 49, 33, 10, 36, 24, 37, 35, 31, 36, 10, 31, 51, 34, 0, 31, 5, 10, 22, 14, 14, 55, 40, 23, 29, 55, 29, 13, 29, 4, 15, 28, 36, 47, 31, 37, 30, 32, 16, 7, 54, 36, 42, 23, 8, 36, 25, 2, 17, 6, 5, 53, 5, 50, 46, 38, 40, 35, 36, 20, 43, 41, 17, 4, 30, 28, 24, 16, 9, 39, 29, 6, 26, 15, 41, 43, 29, 7, 35, 41, 22, 12, 41, 52, 28, 8, 36, 34, 13, 32, 31, 23, 22, 27, 52, 24, 1, 22, 18, 55, 19, 21, 54, 11, 8, 51, 30, 11, 3, 41, 28, 14, 14, 33, 34, 24, 43, 18, 40, 39, 53, 22, 40, 13, 51, 26, 43, 44, 39, 18, 21, 42, 30, 24, 53, 55, 28, 16, 3, 16, 36, 16, 17, 7, 54, 54, 4, 27, 36, 54, 40, 20, 30, 21, 2, 40, 47, 9, 49, 24, 13, 39, 3, 27, 46, 20, 54, 38, 48, 24, 46, 31, 30, 30, 47, 26, 25, 17, 23, 37, 33, 52, 44, 18, 22, 24, 41, 51, 23, 18, 22, 12, 22, 14, 38, 54, 31, 20, 42, 39, 2, 24, 29, 52, 17, 40, 53, 23, 49, 55, 8, 51, 42, 23, 3, 5, 31, 42, 50, 45, 11, 21, 27, 21, 44, 20, 12, 37, 7, 43, 24, 44, 14, 11, 12, 21, 47, 51, 46, 41, 38, 5, 13, 41, 2, 4, 20, 4, 0, 23, 48, 53, 37, 45, 52, 12, 20, 44, 44, 55, 9, 29, 30, 19, 43, 4, 40, 14, 16, 33, 18, 16, 40, 0, 45, 30, 6, 46, 31, 37, 38, 10, 23, 12, 1, 40, 6, 28, 4, 22, 15, 38, 53, 21, 54, 24, 43, 0, 41, 45, 56, 20, 27, 12, 25, 56, 3, 34, 33, 50, 51, 10, 39, 5, 33, 27, 51, 9, 20, 20, 3, 31, 14, 17, 23, 55, 33, 44, 13, 18, 12, 39, 22, 44, 16, 55, 21, 5, 22, 18, 43, 47, 14, 25, 7, 36, 31, 30, 40, 6, 37, 50, 46, 27, 11, 24, 16, 28, 42, 27, 29, 5, 46, 54, 0, 53, 39, 22, 21, 12, 50, 10, 24, 4, 37, 12, 6, 54, 0, 30, 36, 46, 21, 41, 42, 35, 7, 45, 32, 35, 12, 38, 48, 24, 11, 56, 30, 14, 45, 23, 17, 22, 2, 42, 34, 37, 31, 52, 53, 46, 28, 1, 52, 33, 0, 27, 8, 22, 43, 25, 32, 6, 7, 14, 27, 55, 24, 29, 33, 25, 4, 0, 15, 28, 18, 1, 33, 52, 36, 22, 4, 4, 23, 38, 3, 45, 7, 24, 7, 52, 49, 35, 18, 28, 26, 45, 49, 45, 11, 51, 15, 11, 4, 47, 2, 51, 30, 15, 16, 12, 28, 37, 12, 49, 21, 22, 35, 21, 21, 34, 46, 40, 46, 39, 6, 18, 20, 49, 27, 4, 52, 48, 23, 3, 4, 36, 50, 8, 35, 30, 26, 26, 14, 33, 37, 12, 1, 18, 42, 53, 32, 52, 46, 38, 48, 43, 36, 10, 35, 27, 12, 41, 2, 40, 8, 44, 45, 5, 20, 18, 17, 53, 25, 49, 2, 3, 25, 42, 22, 55, 18, 48, 25, 45, 11, 45, 0, 55, 20, 0, 40, 8, 10, 28, 35, 5, 51, 33, 8, 24, 43, 8, 20, 28, 48, 35, 20, 39, 36, 46, 3, 31, 47, 34, 0, 43, 36, 27, 51, 17, 50, 17, 14, 23, 36, 4, 55, 46, 34, 7, 47, 35, 6, 31, 28, 25, 17, 49, 27, 5, 6, 23, 40, 4, 43, 48, 10, 35, 34, 33, 40, 6, 2, 38, 25, 37, 19, 12, 19, 4, 36, 43, 28, 21, 46, 17, 9, 3, 7, 43, 25, 53, 22, 47, 5, 11, 16, 6, 45, 25, 15, 39, 19, 13, 52, 2, 13, 49, 21, 21, 15, 49, 40, 45, 46, 54, 15, 33, 30, 25, 18, 33, 42, 1, 1, 29, 6, 26, 40, 17, 36, 1, 48, 39, 38, 26, 21, 35, 46, 31, 39, 42, 28, 5, 56, 41, 42, 53, 39, 22, 26, 19, 56, 29, 51, 19, 12, 54, 16, 13, 16, 8, 36, 4, 48, 8, 46, 42, 47, 5, 21, 4, 44, 39, 15, 12, 56, 33, 17, 15, 26, 22, 55, 55, 12, 43, 18, 23, 56, 24, 13, 26, 28, 2, 10, 56, 20, 50, 52, 34, 20, 56, 54, 52, 44, 32, 1, 6, 9, 56, 27, 39, 26, 56, 9, 25, 53, 21, 14, 30, 15, 29, 50, 4, 35, 51, 18, 26, 3, 55, 1, 40, 22, 35, 50, 30, 16, 15, 38, 33, 45, 14, 21, 36, 40, 56, 3, 1, 16, 20, 4, 5, 4, 18, 36, 54, 49, 39, 50, 5, 28, 30, 20, 56, 44, 7, 38, 8, 47, 14, 9, 37, 37, 41, 21, 11, 12, 29, 23, 6, 26, 22, 28, 20, 26, 27, 4, 24, 50, 36, 30, 48, 52, 43, 49, 22, 45, 56, 20, 12, 25, 38, 35, 11, 31, 0, 45, 4, 18, 45, 3, 33, 4, 35, 32, 47, 29, 36, 14, 38, 2, 9, 9, 23, 38, 36, 38, 44, 39, 40, 51, 14, 7, 20, 21, 45, 47, 46, 16, 26, 2, 25, 44, 27, 30, 29, 0, 56, 5, 35, 12, 15, 55, 9, 39, 43, 30, 10, 16, 33, 0, 5, 31, 46, 31, 13, 28, 43, 49, 39, 45, 16, 55, 32, 20, 51, 23, 12, 10, 53, 54, 10, 13, 19, 28, 50, 54, 53, 41, 53, 17, 54, 8, 51, 42, 31, 42, 47, 49, 51, 15, 9, 0, 55, 6, 7, 6, 0, 20, 24, 33, 43, 19, 18, 41, 12, 28, 19, 17, 46, 4, 17, 37, 35, 12, 9, 43, 51, 9, 54, 3, 14, 33, 20, 25, 32, 44, 16, 46, 27, 6, 15, 56, 45, 20, 43, 4, 43, 12, 4, 9, 0, 34, 26, 40, 1, 12, 19, 8, 39, 34, 29, 42, 25, 41, 38, 50, 44, 42, 5, 21, 13, 0, 48, 42, 46, 19, 46, 27, 48, 1, 8, 45, 8, 35, 48, 44, 19, 7, 19, 11, 50, 43, 25, 39, 21, 31, 36, 21, 36, 56, 1, 43, 15, 49, 28, 48, 10, 26, 7, 13, 23, 13, 28, 19, 15, 33, 31, 11, 46, 38, 36, 4, 6, 51, 17, 12, 51, 44, 23, 43, 7, 2, 6, 27, 22, 3, 49, 48, 34, 2, 13, 14, 54, 44, 26, 13, 3, 53, 51, 32, 24, 11, 53, 8, 14, 22, 45, 17, 16, 24, 29, 19, 3, 22, 39, 25, 5, 18, 48, 31, 52, 37, 0, 30, 24, 0, 3, 22, 46, 13, 39, 48, 15, 33, 13, 52, 53, 8, 49, 5, 19, 33, 18, 24, 17, 46, 42, 23, 4, 55, 9, 26, 8, 3, 42, 9, 56, 23, 40, 36, 21, 29, 1, 35, 48, 10, 1, 29, 28, 32, 30, 9, 50, 43, 3, 1, 26, 38, 45, 42, 7, 17, 10, 42, 10, 16, 10, 50, 51, 48, 22, 4, 26, 5, 52, 39, 55, 1, 11, 42, 14, 14, 6, 43, 51, 52, 15, 4, 47, 51, 32, 16, 18, 41, 0, 24, 34, 50, 53, 28, 8, 0, 25, 2, 35, 2, 3, 21, 51, 20, 20, 5, 7, 7, 21, 10, 23, 29, 40, 37, 16, 11, 37, 11, 15, 43, 14, 52, 52, 6, 38, 14, 4, 24, 23, 14, 0, 14, 54, 36, 8, 44, 53, 43, 42, 0, 38, 6, 18, 5, 49, 41, 28, 21, 32, 4, 35, 25, 35, 42, 18, 43, 49, 25, 28, 39, 0, 5, 26, 18, 6, 17, 50, 42, 39, 40, 49, 51, 27, 6, 15, 12, 54, 20, 11, 13, 49, 4, 47, 35, 12, 44, 7, 29, 27, 31, 48, 29, 39, 0, 52, 2, 54, 42, 44, 8, 21, 17, 54, 35, 39, 42, 14, 14, 34, 48, 6, 16, 4, 29, 44, 23, 39, 11, 7, 20, 52, 46, 49, 40, 10, 50, 50, 54, 8, 33, 14, 23, 2, 38, 40, 21, 10, 47, 31, 43, 42, 28, 16, 49, 41, 42, 16, 31, 3, 10, 17, 51, 2, 39, 52, 44, 29, 48, 26, 44, 10, 6, 54, 42, 31, 36, 15, 54, 28, 0, 49, 13, 11, 40, 50, 13, 19, 36, 42, 34, 53, 48, 19, 9, 31, 13, 26, 43, 50, 24, 6, 38, 35, 31, 56, 31, 41, 33, 34, 8, 20, 20, 2, 23, 18, 43, 21, 18, 4, 4, 41, 44, 27, 46, 5, 31, 50, 9, 9, 7, 9, 54, 16, 14, 33, 8, 38, 54, 51, 4, 43, 7, 29, 4, 12, 28, 2, 41, 9, 31, 11, 41, 21, 31, 17, 10, 34, 24, 29, 36, 44, 51, 14, 14, 9, 10, 44, 38, 25, 3, 53, 10, 24, 38, 55, 25, 25, 38, 9, 22, 12, 26, 40, 0, 56, 36, 28, 36, 51, 21, 16, 4, 1, 4, 7, 10, 1, 28, 23, 3, 2, 18, 21, 32, 43, 25, 45, 18, 34, 8, 6, 12, 53, 20, 33, 5, 14, 40, 7, 56, 2, 29, 13, 12, 3, 54, 46, 54, 13, 49, 55, 50, 13, 48, 40, 52, 24, 37, 29, 4, 7, 32, 27, 49, 45, 12, 41, 2, 23, 17, 38, 24, 1, 36, 34, 54, 52, 32, 7, 47, 12, 50, 35, 4, 20, 42, 23, 36, 55, 28, 10, 14, 34, 9, 41, 38, 43, 41, 30, 47, 9, 44, 38, 36, 25, 14, 55, 17, 7, 32, 48, 7, 7, 27, 55, 21, 22, 34, 23, 19, 51, 36, 51, 48, 50, 51, 11, 32, 40, 17, 27, 44, 52, 23, 16, 32, 18, 49, 25, 49, 53, 50, 9, 53, 26, 3, 34, 37, 11, 47, 56, 24, 2, 54, 8, 19, 45, 8, 50, 7, 5, 42, 43, 21, 17, 51, 49, 48, 48, 17, 31, 48, 33, 49, 48, 34, 56, 34, 17, 12, 13, 13, 0, 3, 50, 30, 26, 11, 23, 35, 8, 48, 46, 27, 8, 51, 56, 11, 10, 17, 30, 8, 28, 38, 20, 37, 0, 35, 20, 2, 43, 44, 24, 27, 1, 36, 40, 55, 15, 56, 52, 25, 17, 47, 10, 56, 1, 47, 42, 29, 24, 55, 25, 7, 37, 28, 27, 37, 38, 14, 9, 49, 52, 34, 45, 7, 30, 6, 32, 32, 30, 27, 19, 17, 55, 12, 45, 40, 33, 3, 1, 9, 7, 50, 1, 54, 42, 56, 8, 8, 12, 41, 49, 56, 32, 4, 41, 50, 23, 6, 18, 33, 35, 18, 21, 20, 5, 38, 37, 19, 43, 24, 7, 41, 19, 43, 52, 43, 32, 47, 34, 45, 39, 16, 23, 32, 21, 2, 12, 38, 28, 10, 15, 55, 8, 30, 2, 16, 37, 0, 30, 12, 0, 9, 37, 32, 29, 20, 10, 21, 0, 39, 5, 46, 12, 6, 5, 21, 33, 38, 3, 8, 4, 56, 50, 45, 35, 37, 23, 8, 18, 0, 44, 47, 14, 22, 9, 17, 25, 17, 52, 7, 0, 22, 10, 38, 19, 20, 20, 5, 9, 31, 54, 38, 13, 50, 46, 32, 23, 8, 51, 19, 7, 46, 40, 40, 46, 21, 27, 45, 31, 30, 12, 53, 15, 18, 48, 19, 33, 32, 55, 5, 27, 54, 26, 27, 10, 29, 40, 25, 21, 56, 50, 37, 38, 50, 13, 40, 18, 0, 34, 32, 34, 36, 31, 23, 51, 40, 39, 25, 47, 37, 15, 37, 52, 31, 4, 56, 55, 27, 7, 21, 34, 3, 45, 46, 3, 2, 44, 15, 28, 35, 4, 25, 56, 4, 25, 16, 40, 3, 23, 12, 52, 8, 26, 8, 49, 38, 26, 42, 4, 8, 46, 32, 18, 36, 5, 27, 49, 44, 15, 18, 24, 48, 14, 21, 53, 14, 18, 7, 37, 22, 26, 15, 36, 23, 30, 50, 19, 37, 37, 56, 35, 49, 0, 15, 52, 16, 50, 18, 37, 12, 31, 32, 18, 28, 46, 42, 24, 25, 9, 18, 54, 22, 25, 41, 27, 53, 11, 27, 1, 11, 25, 31, 38, 16, 20, 51, 20, 47, 28, 44, 17, 53, 41, 37, 20, 34, 27, 21, 37, 33, 20, 8, 4, 10, 1, 42, 47, 11, 16, 3, 1, 52, 24, 56, 6, 11, 33, 54, 40, 7, 26, 50, 17, 21, 20, 29, 27, 37, 48, 6, 52, 54, 43, 50, 41, 3, 37, 16, 1, 43, 42, 14, 54, 13, 31, 23, 26, 38, 3, 19, 28, 38, 1, 31, 8, 3, 7, 52, 52, 6, 9, 37, 31, 38, 29, 49, 39, 3, 19, 52, 17, 18, 6, 55, 3, 10, 43, 28, 31, 52, 16, 48, 15, 25, 49, 17, 40, 16, 6, 33, 45, 43, 22, 35, 56, 11, 50, 0, 4, 34, 9, 35, 18, 22, 26, 15, 41, 9, 22, 14, 26, 20, 53, 6, 46, 44, 33, 10, 46, 50, 46, 27, 6, 35, 9, 21, 51, 21, 11, 36, 11, 0, 39, 1, 14, 11, 5, 29, 2, 17, 17, 33, 6, 4, 36, 6, 9, 15, 23, 20, 26, 38, 26, 14, 53, 20, 47, 19, 48, 4, 13, 15, 28, 49, 44, 41, 44, 20, 50, 43, 34, 4, 0, 41, 39, 25, 35, 39, 48, 17, 37, 35, 13, 29, 13, 28, 21, 19, 29, 9, 15, 10, 29, 38, 56, 22, 0, 36, 36, 38, 20, 49, 16, 52, 25, 55, 23, 1, 55, 23, 13, 6, 15, 45, 45, 33, 28, 51, 37, 39, 13, 24, 27, 14, 23, 1, 50, 8, 49, 20, 1, 25, 35, 51, 36, 25, 48, 23, 27, 3, 13, 41, 1, 40, 19, 54, 3, 11, 9, 46, 11, 26, 28, 10, 4, 11, 2, 17, 25, 36, 36, 2, 45, 11, 53, 51, 54, 54, 31, 31, 16, 44, 36, 8, 36, 19, 31, 23, 25, 15, 22, 50, 20, 10, 7, 45, 7, 7, 44, 9, 13, 46, 42, 14, 53, 11, 38, 41, 7, 14, 32, 52, 41, 42, 43, 56, 13, 18, 13, 52, 49, 24, 3, 53, 31, 54, 21, 21, 9, 8, 4, 44, 42, 20, 48, 42, 50, 15, 23, 27, 28, 26, 27, 13, 30, 32, 48, 45, 52, 9, 29, 3, 19, 38, 31, 46, 50, 36, 19, 16, 8, 47, 6, 49, 17, 46, 38, 25, 0, 28, 32, 47, 2, 40, 31, 8, 26, 3, 25, 55, 25, 15, 8, 25, 1, 27, 3, 50, 20, 25, 55, 26, 4, 56, 7, 16, 53, 1, 2, 29, 56, 44, 3, 47, 15, 20, 34, 26, 53, 18, 38, 27, 55, 36, 51, 16, 54, 0, 48, 41, 22, 13, 27, 55, 30, 38, 48, 51, 53, 38, 48, 39, 45, 29, 33, 47, 31, 50, 50, 36, 22, 53, 19, 12, 6, 49, 9, 50, 40, 39, 8, 48, 5, 54, 6, 40, 5, 0, 32, 19, 34, 37, 50, 3, 48, 50, 19, 44, 27, 27, 29, 35, 44, 24, 35, 30, 37, 15, 46, 14, 16, 55, 19, 17, 29, 37, 55, 35, 15, 36, 27, 25, 36, 56, 15, 55, 51, 16, 41, 48, 31, 16, 53, 22, 10, 10, 12, 46, 27, 10, 3, 40, 13, 33, 27, 34, 18, 55, 34, 31, 45, 16, 36, 6, 30, 27, 8, 48, 49, 33, 38, 37, 3, 43, 26, 14, 9, 54, 32, 3, 24, 28, 21, 36, 55, 10, 39, 13, 53, 42, 7, 21, 2, 49, 11, 7, 14, 18, 29, 36, 26, 19, 22, 52, 42, 25, 50, 36, 21, 15, 36, 29, 44, 14, 38, 23, 31, 21, 23, 29, 24, 1, 24, 21, 3, 46, 10, 3, 40, 47, 24, 50, 30, 43, 53, 41, 9, 17, 22, 23, 14, 3, 24, 24, 28, 27, 48, 23, 52, 45, 0, 34, 45, 1, 26, 14, 50, 8, 10, 8, 22, 18, 24, 5, 12, 44, 11, 19, 53, 31, 42, 30, 46, 37, 15, 12, 23, 18, 16, 26, 14, 27, 24, 14, 56, 26, 28, 7, 10, 47, 10, 16, 8, 5, 12, 32, 53, 1, 42, 11, 20, 4, 1, 28, 49, 54, 46, 34, 28, 47, 20, 21, 21, 15, 15, 10, 0, 5, 5, 6, 46, 15, 20, 5, 9, 55, 25, 43, 55, 48, 40, 21, 16, 52, 45, 43, 18, 5, 35, 38, 29, 2, 17, 25, 5, 32, 24, 51, 36, 48, 49, 44, 43, 24, 4, 16, 32, 54, 47, 20, 38, 38, 16, 11, 53, 1, 31, 32, 20, 48, 22, 16, 24, 55, 26, 48, 55, 20, 50, 37, 52, 47, 41, 24, 26, 47, 42, 43, 55, 1, 16, 22, 5, 46, 18, 12, 56, 36, 29, 7, 7, 13, 32, 31, 23, 6, 37, 2, 22, 23, 53, 32, 28, 35, 30, 13, 16, 21, 0, 36, 38, 22, 24, 2, 46, 7, 7, 30, 33, 55, 18, 30, 3, 41, 9, 44, 22, 53, 6, 23, 39, 33, 31, 20, 22, 17, 4, 12, 50, 39, 34, 0, 0, 15, 40, 30, 16, 11, 4, 29, 23, 42, 21, 19, 51, 11, 24, 18, 35, 22, 25, 29, 54, 52, 29, 16, 50, 3, 49, 34, 10, 51, 55, 19, 41, 44, 25, 4, 56, 11, 55, 50, 36, 3, 5, 20, 25, 13, 40, 50, 37, 4, 50, 55, 42, 14, 53, 17, 5, 2, 37, 48, 46, 1, 0, 40, 12, 45, 23, 37, 13, 23, 26, 18, 39, 54, 25, 29, 35, 12, 15, 6, 16, 5, 38, 22, 0, 44, 8, 8, 27, 52, 56, 29, 33, 17, 18, 48, 9, 44, 38, 13, 31, 49, 54, 39, 32, 51, 5, 27, 19, 13, 55, 48, 45, 9, 8, 52, 24, 36, 49, 28, 43, 51, 13, 34, 31, 37, 8, 32, 48, 20, 49, 9, 28, 12, 14, 52, 46, 55, 8, 20, 21, 47, 3, 42, 3, 17, 41, 40, 15, 28, 37, 3, 1, 0, 21, 47, 30, 7, 51, 46, 16, 46, 35, 33, 27, 38, 33, 38, 27, 2, 3, 32, 56, 15, 50, 7, 54, 3, 43, 55, 41, 4, 23, 6, 20, 34, 17, 56, 39, 40, 26, 3, 51, 34, 21, 12, 40, 22, 24, 14, 11, 40, 30, 35, 51, 34, 47, 40, 25, 25, 28, 51, 47, 35, 18, 25, 8, 37, 44, 48, 9, 27, 16, 28, 52, 38, 20, 47, 31, 29, 41, 33, 36, 8, 34, 35, 29, 39, 5, 44, 4, 25, 54, 50, 40, 39, 49, 39, 10, 56, 4, 16, 35, 34, 7, 30, 22, 32, 14, 50, 4, 7, 22, 42, 56, 55, 32, 9, 19, 12, 39, 55, 56, 49, 55, 54, 21, 1, 53, 22, 7, 13, 49, 48, 17, 5, 16, 31, 54, 17, 52, 10, 48, 34, 23, 43, 23, 43, 34, 40, 28, 32, 37, 21, 18, 24, 19, 29, 16, 37, 53, 4, 31, 44, 56, 38, 16, 12, 15, 20, 26, 27, 35, 9, 45, 24, 56, 55, 0, 30, 13, 4, 23, 33, 40, 0, 34, 0, 1, 50, 48, 5, 30, 36, 5, 8, 33, 51, 55, 31, 14, 8, 9, 4, 22, 33, 11, 0, 21, 13, 48, 36, 50, 48, 36, 6, 52, 31, 29, 25, 42, 41, 18, 33, 14, 31, 25, 52, 11, 54, 8, 29, 6, 12, 56, 37, 54, 52, 29, 23, 32, 14, 12, 11, 20, 32, 33, 10, 27, 56, 36, 26, 13, 38, 39, 52, 48, 15, 12, 4, 7, 26, 2, 7, 11, 18, 2, 8, 49, 51, 9, 36, 12, 33, 26, 27, 30, 2, 36, 12, 52, 25, 15, 6, 55, 33, 20, 12, 34, 17, 41, 39, 11, 14, 26, 10, 56, 30, 43, 52, 15, 2, 23, 42, 45, 50, 42, 6, 24, 20, 54, 32, 40, 42, 14, 42, 9, 22, 16, 24, 31, 0, 52, 33, 27, 35, 46, 27, 30, 29, 45, 54, 51, 45, 35, 35, 38, 44, 53, 11, 19, 48, 54, 48, 3, 32, 5, 19, 29, 18, 38, 14, 1, 19, 13, 46, 40, 14, 42, 15, 3, 17, 30, 1, 22, 16, 38, 56, 8, 8, 42, 32, 1, 46, 43, 6, 38, 49, 34, 46, 13, 37, 38, 46, 2, 19, 36, 38, 41, 19, 25, 30, 34, 19, 18, 33, 39, 22, 41, 39, 49, 16, 6, 10, 47, 17, 34, 23, 41, 43, 33, 15, 17, 11, 25, 12, 26, 17, 43, 6, 55, 35, 1, 20, 40, 53, 23, 7, 27, 52, 47, 21, 33, 29, 4, 9, 2, 34, 42, 1, 19, 42, 53, 41, 56, 8, 24, 51, 55, 51, 12, 41, 6, 21, 41, 27, 41, 23, 56, 42, 27, 45, 2, 42, 25, 28, 48, 45, 7, 40, 21, 22, 33, 30, 31, 26, 21, 49, 45, 29, 41, 51, 22, 33, 46, 32, 55, 51, 47, 2, 40, 29, 51, 50, 19, 40, 47, 51, 23, 4, 52, 35, 35, 56, 7, 3, 15, 34, 19, 13, 17, 45, 47, 13, 22, 38, 22, 10, 52, 52, 12, 9, 33, 35, 13, 24, 1, 10, 15, 55, 55, 43, 27, 4, 28, 38, 46, 5, 51, 8, 40, 15, 49, 18, 15, 31, 40, 28, 53, 56, 25, 10, 46, 11, 55, 34, 7, 49, 23, 55, 0, 32, 38, 13, 14, 11, 56, 50, 56, 9, 53, 27, 21, 32, 19, 14, 48, 28, 27, 49, 22, 55, 32, 10, 24, 4, 35, 42, 41, 12, 4, 28, 22, 7, 1, 48, 27, 54, 15, 3, 48, 48, 2, 0, 43, 52, 6, 25, 36, 26, 44, 43, 48, 5, 43, 37, 15, 33, 35, 12, 13, 36, 30, 41, 19, 44, 5, 40, 38, 56, 25, 14, 22, 38, 55, 49, 25, 38, 3, 2, 21, 37, 54, 1, 24, 21, 44, 6, 36, 3, 29, 12, 19, 17, 1, 24, 48, 48, 0, 49, 27, 31, 48, 18, 29, 38, 47, 11, 38, 44, 5, 19, 0, 45, 19, 10, 12, 50, 22, 39, 13, 8, 46, 6, 6, 35, 2, 7, 25, 9, 50, 5, 8, 10, 28, 17, 45, 30, 37, 43, 39, 19, 40, 56, 32, 31, 1, 7, 0, 29, 33, 46, 6, 8, 36, 4, 53, 56, 21, 51, 52, 21, 32, 8, 36, 35, 37, 3, 4, 5, 11, 2, 0, 40, 17, 32, 23, 10, 52, 37, 41, 34, 24, 41, 23, 1, 43, 52, 44, 6, 9, 1, 8, 19, 6, 49, 16, 40, 30, 49, 50, 30, 26, 21, 14, 46, 0, 8, 26, 40, 50, 52, 1, 42, 30, 48, 0, 9, 25, 20, 40, 31, 55, 35, 9, 4, 15, 11, 38, 15, 35, 54, 52, 7, 42, 35, 7, 9, 19, 25, 33, 4, 37, 43, 44, 8, 8, 4, 13, 36, 9, 22, 26, 12, 53, 29, 35, 41, 45, 4, 4, 16, 20, 17, 17, 1, 2, 21, 31, 54, 42, 18, 12, 47, 55, 48, 52, 40, 12, 43, 15, 4, 22, 6, 1, 46, 48, 19, 19, 14, 13, 56, 8, 39, 44, 46, 35, 51, 32, 54, 38, 40, 49, 52, 18, 41, 35, 56, 12, 56, 21, 47, 6, 24, 18, 50, 11, 24, 13, 22, 15, 20, 43, 32, 55, 25, 27, 47, 43, 35, 42, 33, 24, 4, 30, 29, 33, 16, 41, 18, 18, 46, 23, 43, 20, 2, 17, 30, 38, 31, 30, 16, 6, 10, 48, 50, 24, 26, 32, 0, 20, 13, 3, 52, 56, 14, 5, 14, 27, 29, 22, 45, 37, 4, 38, 7, 47, 2, 38, 36, 22, 42, 42, 24, 38, 32, 42, 48, 2, 34, 49, 38, 33, 18, 43, 28, 23, 0, 20, 55, 30, 55, 19, 35, 53, 11, 31, 52, 22, 23, 11, 30, 41, 41, 11, 51, 19, 33, 53, 29, 2, 22, 48, 31, 2, 18, 4, 41, 18, 8, 23, 27, 14, 7, 16, 20, 15, 5, 38, 43, 17, 34, 9, 1, 29, 21, 5, 33, 6, 46, 44, 5, 10, 46, 31, 41, 5, 35, 25, 42, 25, 22, 17, 17, 21, 5, 27, 5, 2, 52, 44, 39, 56, 33, 12, 23, 53, 13, 18, 43, 0, 8, 5, 32, 43, 34, 31, 53, 52, 51, 50, 44, 7, 34, 36, 2, 42, 47, 29, 9, 40, 21, 48, 51, 3, 38, 50, 10, 53, 45, 43, 8, 48, 13, 32, 9, 35, 51, 25, 5, 12, 25, 22, 53, 5, 3, 3, 33, 42, 29, 47, 19, 24, 31, 20, 38, 41, 35, 19, 5, 30, 46, 43, 19, 43, 45, 6, 2, 4, 42, 26, 17, 52, 37, 54, 28, 18, 50, 56, 27, 1, 25, 39, 24, 15, 51, 4, 7, 34, 36, 9, 25, 7, 34, 21, 52, 50, 30, 32, 0, 47, 40, 44, 15, 40, 6, 43, 4, 0, 25, 47, 10, 11, 43, 9, 50, 46, 13, 45, 30, 34, 52, 54, 45, 52, 19, 19, 14, 30, 7, 49, 33, 28, 20, 47, 49, 41, 36, 41, 12, 31, 20, 35, 52, 32, 16, 24, 1, 37, 47, 51, 14, 52, 32, 28, 37, 49, 51, 19, 51, 42, 23, 55, 56, 16, 15, 52, 55, 35, 44, 18, 21, 11, 50, 32, 27, 42, 8, 42, 40, 16, 47, 48, 45, 24, 24, 28, 0, 13, 1, 29, 34, 24, 29, 2, 40, 5, 5, 14, 36, 12, 19, 31, 34, 52, 32, 2, 8, 45, 12, 40, 53, 27, 32, 49, 1, 15, 48, 10, 19, 44, 16, 27, 20, 19, 7, 0, 35, 15, 33, 1, 2, 1, 7, 42, 6, 31, 53, 43, 51, 25, 29, 24, 10, 31, 37, 26, 41, 20, 54, 32, 23, 9, 52, 17, 2, 40, 47, 46, 10, 34, 16, 32, 23, 32, 38, 1, 14, 1, 56, 54, 18, 31, 49, 40, 46, 20, 5, 13, 33, 43, 22, 20, 20, 5, 9, 24, 5, 15, 3, 55, 16, 24, 38, 56, 38, 13, 43, 17, 39, 7, 50, 55, 19, 39, 15, 26, 44, 32, 23, 53, 29, 39, 26, 28, 45, 15, 31, 6, 26, 28, 49, 19, 7, 33, 21, 6, 27, 7, 3, 27, 31, 34, 34, 28, 36, 25, 22, 49, 50, 2, 52, 51, 0, 7, 30, 17, 22, 10, 55, 23, 18, 27, 40, 15, 27, 36, 48, 56, 20, 10, 35, 46, 43, 15, 30, 27, 53, 48, 0, 10, 45, 25, 26, 27, 24, 24, 24, 16, 47, 8, 6, 7, 40, 32, 12, 15, 37, 56, 32, 26, 45, 56, 8, 54, 18, 0, 3, 10, 54, 36, 14, 56, 37, 38, 47, 35, 12, 56, 39, 12, 13, 4, 41, 36, 35, 56, 56, 24, 19, 26, 43, 15, 15, 45, 5, 30, 14, 3, 32, 42, 24, 12, 2, 18, 21, 32, 3, 23, 29, 56, 34, 13, 17, 32, 7, 35, 45, 55, 44, 7, 2, 22, 11, 55, 1, 5, 45, 51, 4, 9, 4, 3, 2, 12, 21, 52, 51, 36, 49, 21, 0, 31, 39, 43, 48, 55, 29, 35, 54, 35, 49, 51, 3, 24, 21, 34, 40, 3, 38, 43, 23, 32, 1, 41, 14, 36, 19, 17, 1, 7, 5, 55, 14, 10, 23, 52, 1, 32, 50, 5, 45, 37, 30, 28, 40, 46, 39, 10, 11, 36, 32, 24, 1, 16, 36, 50, 29, 15, 13, 26, 56, 36, 35, 39, 4, 34, 13, 7, 27, 5, 11, 0, 39, 5, 35, 56, 48, 30, 45, 56, 49, 14, 19, 28, 26, 17, 19, 28, 9, 16, 0, 5, 0, 21, 1, 19, 23, 17, 13, 37, 50, 21, 20, 42, 26, 19, 23, 7, 16, 13, 10, 6, 49, 49, 38, 34, 48, 9, 33, 3, 47, 53, 52, 51, 36, 28, 14, 41, 30, 1, 30, 28, 42, 35, 26, 52, 37, 0, 26, 32, 7, 1, 15, 5, 14, 56, 36, 23, 47, 37, 40, 13, 29, 23, 11, 44, 29, 36, 35, 7, 11, 20, 3, 21, 15, 14, 23, 43, 20, 9, 20, 4, 34, 47, 38, 44, 16, 49, 38, 15, 20, 16, 25, 48, 30, 10, 5, 32, 6, 13, 47, 43, 20, 25, 56, 25, 9, 9, 44, 36, 31, 4, 51, 41, 4, 8, 1, 36, 40, 39, 6, 45, 49, 36, 42, 3, 50, 33, 52, 33, 34, 26, 38, 38, 42, 41, 33, 11, 13, 2, 26, 2, 5, 55, 54, 49, 1, 53, 40, 29, 40, 42, 7, 19, 5, 28, 50, 20, 11, 11, 56, 41, 7, 31, 54, 17, 31, 6, 22, 41, 18, 39, 53, 47, 51, 11, 20, 18, 41, 50, 0, 29, 26, 48, 9, 11, 17, 26, 15, 9, 56, 12, 44, 19, 36, 34, 3, 22, 16, 26, 12, 36, 12, 31, 15, 7, 26, 2, 19, 33, 28, 50, 53, 52, 50, 29, 28, 31, 28, 0, 2, 56, 38, 1, 25, 53, 15, 17, 13, 19, 53, 17, 30, 42, 46, 29, 23, 48, 24, 9, 55, 13, 50, 17, 51, 55, 12, 23, 36, 36, 43, 3, 8, 56, 34, 7, 19, 38, 31, 44, 22, 42, 28, 9, 45, 31, 4, 55, 4, 5, 53, 45, 30, 15, 12, 2, 1, 53, 26, 4, 5, 37, 25, 30, 36, 7, 50, 33, 14, 55, 27, 47, 32, 1, 36, 35, 33, 2, 22, 44, 54, 49, 11, 30, 5, 56, 15, 41, 36, 35, 11, 18, 26, 15, 45, 10, 21, 41, 29, 49, 41, 37, 12, 44, 3, 8, 26, 29, 51, 16, 20, 17, 44, 2, 8, 24, 51, 56, 33, 25, 16, 21, 52, 56, 4, 40, 1, 30, 14, 26, 53, 4, 20, 33, 30, 19, 0, 27, 15, 21, 25, 51, 19, 36, 33, 30, 44, 8, 35, 40, 18, 1, 16, 0, 42, 21, 37, 30, 24, 46, 39, 10, 3, 55, 48, 19, 11, 8, 30, 36, 21, 9, 53, 3, 20, 17, 22, 1, 35, 38, 56, 31, 17, 6, 56, 54, 14, 3, 26, 8, 9, 13, 14, 36, 48, 54, 27, 29, 44, 35, 29, 51, 4, 35, 53, 39, 11, 17, 22, 51, 47, 50, 48, 16, 23, 18, 31, 17, 29, 53, 27, 23, 16, 45, 9, 10, 32, 39, 2, 17, 47, 34, 32, 44, 56, 14, 13, 31, 40, 31, 25, 8, 29, 46, 40, 5, 11, 54, 11, 20, 10, 39, 50, 1, 47, 28, 15, 51, 7, 9, 46, 10, 1, 25, 41, 11, 12, 1, 20, 51, 0, 47, 30, 42, 36, 29, 50, 47, 53, 37, 9, 34, 35, 42, 16, 30, 33, 37, 47, 30, 49, 25, 36, 33, 52, 56, 1, 45, 40, 25, 15, 4, 29, 16, 34, 26, 21, 17, 24, 7, 35, 23, 46, 17, 24, 50, 45, 22, 54, 19, 8, 25, 21, 40, 47, 1, 28, 50, 48, 13, 5, 45, 37, 56, 15, 54, 36, 28, 28, 27, 50, 22, 12, 15, 44, 14, 47, 23, 41, 50, 22, 16, 6, 26, 53, 53, 18, 43, 44, 43, 31, 43, 53, 29, 54, 11, 42, 44, 23, 18, 32, 4, 49, 16, 53, 47, 44, 54, 45, 35, 41, 53, 49, 0, 45, 39, 45, 0, 41, 10, 37, 8, 38, 10, 25, 21, 40, 8, 9, 33, 0, 3, 30, 30, 23, 33, 1, 23, 14, 16, 11, 6, 32, 28, 52, 17, 15, 51, 45, 51, 9, 32, 31, 24, 41, 48, 42, 37, 32, 15, 54, 38, 8, 24, 7, 38, 47, 34, 34, 55, 38, 12, 56, 47, 51, 48, 2, 2, 13, 53, 24, 25, 40, 42, 36, 14, 29, 28, 22, 32, 50, 38, 52, 1, 30, 20, 51, 39, 22, 36, 13, 17, 31, 0, 2, 10, 36, 5, 43, 36, 19, 2, 32, 4, 56, 47, 27, 53, 34, 1, 42, 10, 7, 44, 12, 6, 11, 43, 15, 52, 49, 15, 37, 13, 48, 33, 6, 35, 37, 28, 9, 2, 19, 22, 6, 28, 56, 48, 8, 32, 56, 8, 35, 45, 8, 9, 37, 49, 22, 20, 1, 25, 52, 51, 0, 22, 39, 39, 20, 40, 42, 7, 20, 40, 40, 33, 17, 26, 43, 2, 46, 24, 12, 13, 32, 6, 22, 10, 10, 56, 14, 42, 51, 45, 49, 35, 44, 48, 38, 22, 53, 34, 16, 11, 36, 41, 40, 7, 56, 30, 3, 33, 6, 28, 19, 3, 15, 14, 7, 18, 5, 18, 53, 51, 46, 5, 56, 43, 45, 44, 35, 4, 12, 21, 4, 29, 22, 43, 36, 54, 36, 56, 0, 36, 53, 28, 4, 7, 41, 14, 20, 25, 22, 38, 29, 46, 30, 36, 14, 36, 50, 12, 41, 22, 50, 16, 19, 38, 44, 33, 11, 14, 14, 5, 48, 14, 46, 18, 53, 1, 20, 52, 29, 53, 10, 43, 16, 29, 50, 20, 20, 38, 19, 23, 5, 1, 25, 37, 54, 11, 45, 6, 26, 24, 17, 43, 5, 54, 28, 16, 55, 21, 52, 27, 56, 50, 9, 53, 13, 56, 1, 21, 6, 37, 39, 56, 5, 47, 49, 42, 32, 31, 36, 6, 23, 54, 41, 28, 27, 4, 25, 24, 8, 42, 26, 49, 18, 56, 3, 16, 42, 31, 20, 21, 12, 15, 10, 3, 51, 4, 7, 32, 34, 23, 55, 54, 55, 54, 6, 44, 50, 50, 52, 14, 1, 26, 10, 45, 45, 41, 26, 16, 46, 2, 53, 6, 53, 51, 46, 34, 13, 47, 27, 45, 15, 56, 49, 51, 56, 45, 12, 18, 48, 29, 3, 30, 46, 44, 26, 7, 52, 48, 52, 14, 1, 49, 4, 54, 30, 31, 25, 55, 47, 10, 52, 12, 54, 28, 56, 9, 31, 6, 48, 51, 54, 4, 55, 1, 11, 50, 45, 28, 10, 2, 27, 47, 24, 52, 50, 9, 26, 48, 43, 34, 38, 34, 55, 3, 40, 39, 11, 47, 20, 6, 51, 3, 6, 51, 40, 34, 55, 37, 32, 42, 11, 32, 16, 1, 37, 42, 11, 13, 55, 35, 44, 29, 54, 5, 39, 21, 43, 47, 32, 6, 20, 24, 8, 45, 34, 47, 8, 2, 29, 16, 35, 48, 44, 1, 40, 55, 34, 55, 43, 28, 20, 31, 38, 19, 43, 39, 23, 0, 3, 47, 7, 0, 0, 21, 39, 38, 18, 11, 31, 55, 2, 3, 32, 25, 34, 25, 6, 30, 48, 5, 24, 50, 8, 31, 21, 45, 26, 54, 53, 46, 35, 14, 3, 44, 46, 26, 45, 42, 29, 39, 16, 13, 4, 3, 22, 52, 35, 7, 54, 20, 13, 50, 41, 12, 47, 11, 28, 13, 38, 32, 3, 12, 41, 35, 0, 18, 39, 6, 6, 16, 10, 29, 26, 37, 42, 38, 21, 37, 6, 29, 48, 0, 14, 2, 19, 13, 49, 51, 9, 46, 15, 37, 30, 26, 32, 7, 49, 19, 23, 42, 56, 18, 14, 0, 46, 29, 29, 55, 19, 46, 22, 33, 13, 49, 5, 4, 55, 34, 47, 12, 9, 37, 22, 1, 0, 3, 47, 10, 36, 40, 36, 38, 39, 9, 52, 20, 38, 10, 4, 2, 34, 28, 18, 23, 4, 26, 9, 22, 27, 31, 5, 45, 41, 22, 32, 1, 20, 16, 35, 40, 49, 6, 33, 52, 38, 15, 20, 6, 54, 35, 35, 42, 3, 38, 7, 35, 26, 49, 2, 43, 28, 11, 7, 11, 56, 39, 43, 55, 10, 14, 10, 41, 32, 41, 48, 1, 2, 32, 9, 55, 5, 54, 46, 31, 38, 4, 34, 14, 37, 29, 49, 52, 44, 43, 50, 44, 43, 12, 45, 34, 52, 35, 17, 23, 9, 38, 37, 56, 46, 56, 54, 41, 41, 44, 9, 15, 16, 17, 42, 42, 1, 37, 28, 47, 24, 7, 47, 11, 53, 26, 18, 19, 56, 52, 36, 16, 46, 50, 46, 37, 7, 9, 45, 32, 9, 51, 36, 35, 3, 26, 55, 32, 20, 53, 45, 8, 30, 6, 36, 41, 28, 0, 0, 24, 54, 6, 29, 8, 12, 18, 34, 17, 15, 22, 1, 41, 56, 7, 39, 55, 18, 19, 56, 8, 22, 10, 0, 45, 30, 2, 54, 30, 36, 48, 41, 32, 7, 42, 47, 34, 52, 8, 46, 28, 7, 8, 6, 26, 52, 2, 35, 16, 42, 24, 30, 4, 36, 53, 44, 37, 35, 10, 41, 54, 20, 20, 21, 42, 4, 19, 26, 0, 51, 18, 3, 37, 44, 4, 56, 1, 52, 36, 44, 22, 40, 11, 39, 46, 17, 13, 54, 33, 22, 1, 41, 26, 7, 3, 21, 54, 11, 20, 21, 12, 14, 41, 32, 29, 10, 28, 2, 8, 55, 54, 50, 54, 56, 20, 55, 18, 6, 55, 26, 38, 30, 14, 47, 3, 30, 18, 50, 0, 0, 3, 47, 10, 10, 52, 2, 23, 3, 44, 27, 26, 11, 13, 36, 1, 50, 32, 52, 21, 20, 48, 6, 22, 11, 35, 38, 18, 47, 45, 8, 29, 23, 38, 29, 5, 4, 0, 42, 26, 24, 12, 3, 45, 0, 0, 6, 23, 37, 24, 44, 26, 32, 44, 19, 19, 47, 34, 45, 56, 10, 53, 33, 52, 38, 10, 41, 49, 11, 37, 12, 56, 26, 40, 56, 49, 16, 37, 15, 5, 39, 12, 4, 36, 28, 9, 46, 36, 5, 17, 25, 21, 41, 24, 45, 54, 14, 29, 16, 1, 47, 18, 7, 24, 17, 36, 7, 32, 47, 54, 39, 6, 15, 49, 55, 16, 19, 27, 50, 35, 24, 33, 52, 21, 7, 33, 6, 4, 51, 33, 34, 37, 17, 34, 37, 48, 50, 43, 34, 53, 12, 31, 4, 40, 30, 11, 6, 18, 37, 43, 13, 7, 14, 36, 34, 37, 39, 44, 41, 11, 23, 26, 39, 44, 17, 42, 24, 49, 37, 34, 41, 32, 0, 16, 39, 41, 25, 29, 12, 37, 2, 35, 23, 45, 21, 1, 17, 30, 28, 52, 55, 28, 27, 12, 35, 12, 7, 0, 6, 35, 25, 14, 27, 9, 45, 49, 19, 46, 33, 1, 10, 37, 19, 53, 46, 10, 48, 16, 22, 4, 21, 17, 50, 37, 53, 49, 12, 19, 29, 54, 17, 20, 18, 33, 16, 33, 46, 17, 24, 8, 48, 15, 12, 44, 43, 43, 18, 20, 45, 40, 46, 18, 26, 38, 25, 16, 42, 47, 44, 31, 37, 27, 21, 26, 4, 41, 0, 56, 4, 32, 48, 51, 24, 30, 0, 56, 31, 2, 51, 11, 33, 31, 30, 18, 35, 1, 36, 35, 39, 16, 33, 33, 18, 38, 45, 19, 10, 53, 2, 3, 45, 7, 17, 17, 54, 7, 9, 47, 3, 39, 45, 52, 13, 19, 3, 13, 45, 47, 50, 1, 48, 24, 46, 4, 2, 42, 50, 2, 11, 47, 0, 32, 34, 27, 21, 5, 26, 36, 31, 37, 28, 27, 3, 28, 39, 13, 39, 5, 2, 27, 21, 22, 47, 1, 5, 33, 16, 0, 41, 48, 13, 18, 24, 11, 28, 39, 0, 20, 54, 36, 12, 51, 11, 20, 46, 11, 32, 7, 49, 25, 25, 52, 7, 32, 35, 33, 56, 50, 28, 38, 18, 10, 53, 56, 13, 29, 23, 23, 14, 23, 20, 54, 18, 1, 39, 27, 35, 14, 31, 24, 10, 52, 31, 21, 52, 46, 30, 19, 48, 51, 47, 6, 0, 11, 17, 18, 26, 52, 45, 5, 52, 21, 48, 10, 1, 2, 11, 56, 37, 10, 11, 17, 34, 1, 54, 6, 40, 49, 11, 37, 52, 39, 5, 40, 15, 9, 43, 4, 29, 29, 45, 14, 51, 11, 1, 40, 2, 31, 35, 37, 46, 41, 52, 52, 5, 45, 27, 9, 47, 7, 33, 11, 45, 53, 6, 19, 3, 34, 44, 41, 55, 39, 34, 41, 47, 21, 6, 12, 8, 50, 30, 49, 20, 26, 55, 45, 4, 34, 36, 40, 20, 40, 40, 47, 17, 39, 22, 56, 43, 6, 43, 29, 44, 41, 8, 9, 48, 28, 16, 31, 28, 19, 30, 34, 8, 11, 7, 16, 21, 54, 49, 30, 41, 47, 18, 53, 6, 13, 54, 35, 1, 38, 47, 16, 51, 35, 19, 47, 9, 31, 47, 36, 0, 33, 56, 47, 23, 38, 55, 15, 27, 24, 33, 15, 11, 27, 44, 32, 29, 24, 41, 34, 41, 35, 9, 45, 25, 25, 46, 12, 15, 13, 15, 52, 24, 51, 1, 56, 9, 30, 15, 30, 31, 30, 19, 13, 2, 2, 10, 37, 14, 38, 54, 46, 32, 6, 5, 13, 28, 3, 16, 42, 26, 9, 11, 13, 19, 14, 9, 30, 34, 2, 30, 53, 54, 48, 38, 53, 13, 41, 46, 28, 10, 50, 14, 22, 41, 44, 27, 40, 39, 36, 44, 3, 31, 29, 32, 8, 37, 28, 26, 14, 4, 9, 24, 32, 41, 8, 34, 43, 34, 6, 0, 39, 15, 20, 0, 3, 36, 55, 51, 56, 21, 14, 40, 48, 10, 29, 41, 17, 27, 28, 40, 56, 9, 21, 6, 16, 44, 30, 0, 29, 28, 43, 41, 15, 14, 31, 27, 28, 6, 41, 56, 25, 32, 10, 1, 51, 23, 48, 0, 45, 24, 31, 35, 20, 24, 52, 47, 39, 50, 4, 37, 8, 42, 51, 10, 2, 37, 33, 51, 30, 2, 29, 47, 17, 24, 7, 55, 8, 32, 46, 48, 48, 39, 5, 31, 20, 19, 18, 18, 45, 16, 5, 33, 51, 29, 44, 6, 37, 33, 48, 50, 1, 17, 9, 44, 0, 21, 21, 15, 55, 18, 24, 0, 42, 0, 10, 42, 14, 44, 54, 53, 18, 40, 26, 5, 46, 14, 53, 53, 3, 44, 19, 10, 23, 10, 51, 10, 17, 44, 20, 37, 45, 10, 54, 38, 23, 31, 34, 30, 50, 44, 32, 43, 46, 37, 4, 23, 3, 35, 25, 9, 37, 3, 12, 47, 17, 33, 10, 23, 40, 45, 1, 9, 10, 22, 1, 17, 20, 47, 49, 20, 19, 42, 54, 37, 32, 4, 19, 9, 36, 29, 43, 16, 54, 53, 54, 47, 3, 4, 0, 54, 16, 11, 18, 55, 44, 47, 17, 28, 0, 2, 46, 15, 24, 25, 33, 12, 55, 22, 42, 28, 21, 26, 42, 7, 40, 3, 37, 23, 3, 3, 20, 48, 5, 31, 10, 18, 14, 20, 2, 48, 7, 5, 30, 2, 9, 42, 18, 2, 28, 13, 35, 50, 18, 0, 46, 4, 2, 28, 42, 39, 10, 3, 12, 31, 13, 46, 39, 48, 16, 31, 45, 24, 54, 37, 34, 4, 50, 43, 19, 55, 8, 2, 13, 53, 9, 34, 51, 0, 3, 42, 26, 43, 7, 41, 52, 3, 9, 9, 45, 23, 28, 37, 33, 46, 33, 31, 37, 53, 4, 8, 29, 32, 18, 28, 48, 39, 45, 8, 0, 24, 52, 40, 9, 34, 1, 22, 11, 49, 43, 34, 31, 52, 25, 43, 46, 52, 43, 55, 30, 52, 56, 42, 10, 8, 10, 36, 27, 25, 3, 3, 8, 38, 53, 48, 4, 8, 25, 52, 18, 31, 16, 17, 38, 6, 10, 32, 21, 44, 28, 25, 25, 41, 56, 19, 19, 17, 26, 41, 51, 5, 3, 2, 15, 47, 38, 0, 36, 52, 6, 3, 16, 10, 44, 29, 49, 56, 36, 54, 47, 11, 25, 21, 54, 18, 26, 54, 54, 13, 23, 55, 15, 49, 33, 38, 47, 44, 17, 4, 20, 29, 10, 48, 45, 40, 20, 27, 25, 47, 8, 15, 14, 54, 13, 20, 33, 41, 4, 23, 53, 52, 11, 17, 13, 30, 27, 51, 47, 41, 22, 21, 22, 15, 30, 44, 6, 16, 31, 42, 46, 12, 28, 3, 56, 13, 14, 10, 5, 18, 4, 38, 32, 54, 1, 54, 45, 51, 11, 40, 35, 23, 38, 30, 42, 56, 49, 6, 32, 35, 13, 2, 25, 53, 0, 23, 26, 9, 39, 7, 45, 15, 21, 10, 38, 14, 44, 9, 15, 13, 3, 10, 43, 34, 15, 54, 48, 50, 14, 30, 36, 15, 52, 25, 14, 25, 24, 52, 34, 8, 55, 54, 5, 28, 7, 55, 24, 20, 14, 30, 35, 40, 22, 46, 28, 22, 39, 22, 56, 40, 36, 1, 15, 37, 30, 55, 51, 38, 56, 8, 10, 43, 27, 22, 37, 47, 24, 34, 42, 54, 27, 36, 32, 42, 16, 15, 33, 21, 12, 9, 13, 11, 19, 36, 41, 19, 8, 28, 18, 17, 49, 26, 49, 52, 39, 38, 29, 2, 50, 4, 11, 55, 44, 47, 8, 8, 5, 48, 8, 44, 47, 54, 54, 24, 31, 44, 17, 12, 26, 31, 6, 47, 39, 55, 11, 30, 2, 29, 6, 15, 48, 26, 19, 11, 42, 9, 6, 11, 22, 45, 55, 51, 49, 16, 37, 10, 14, 14, 23, 33, 38, 20, 14, 34, 53, 23, 29, 19, 0, 37, 18, 49, 27, 7, 6, 25, 22, 19, 23, 13, 30, 35, 32, 45, 40, 30, 12, 46, 43, 53, 31, 0, 34, 23, 53, 45, 0, 21, 53, 15, 32, 52, 53, 17, 43, 37, 27, 42, 3, 23, 16, 40, 5, 20, 17, 24, 46, 5, 40, 38, 23, 26, 31, 34, 53, 13, 22, 39, 50, 13, 13, 27, 28, 29, 18, 20, 9, 51, 26, 49, 5, 11, 0, 0, 29, 12, 50, 40, 31, 2, 53, 14, 9, 14, 1, 1, 21, 20, 4, 13, 35, 1, 30, 21, 46, 14, 2, 40, 32, 55, 28, 26, 41, 2, 47, 45, 42, 44, 32, 43, 7, 26, 4, 24, 56, 7, 14, 3, 25, 34, 11, 49, 8, 3, 10, 5, 5, 38, 54, 38, 0, 31, 37, 7, 44, 37, 18, 46, 5, 32, 41, 33, 55, 14, 55, 2, 20, 2, 33, 34, 3, 14, 18, 7, 14, 20, 44, 13, 39, 28, 1, 49, 48, 6, 24, 51, 7, 51, 15, 50, 32, 15, 16, 53, 5, 13, 42, 41, 25, 3, 28, 7, 3, 56, 37, 25, 49, 5, 40, 24, 8, 29, 49, 14, 32, 17, 18, 25, 16, 27, 45, 43, 11, 5, 30, 54, 52, 21, 19, 10, 46, 47, 21, 51, 12, 53, 55, 49, 38, 41, 56, 51, 3, 22, 56, 43, 11, 44, 41, 43, 20, 11, 51, 48, 19, 14, 30, 46, 22, 27, 35, 19, 49, 4, 11, 42, 25, 47, 42, 13, 31, 35, 2, 48, 55, 34, 11, 8, 34, 18, 25, 44, 3, 45, 3, 48, 12, 16, 40, 11, 20, 41, 25, 0, 24, 51, 28, 2, 44, 14, 28, 44, 49, 53, 45, 19, 20, 33, 33, 31, 35, 51, 18, 45, 9, 11, 48, 6, 22, 39, 5, 43, 32, 27, 8, 29, 13, 47, 11, 25, 9, 0, 17, 10, 56, 46, 41, 54, 38, 16, 13, 10, 39, 30, 39, 2, 15, 4, 24, 53, 1, 46, 55, 38, 13, 50, 43, 42, 17, 50, 12, 35, 3, 26, 6, 43, 33, 5, 39, 29, 0, 28, 32, 53, 18, 46, 13, 40, 33, 36, 46, 10, 16, 51, 37, 34, 20, 50, 18, 15, 56, 0, 50, 51, 18, 17, 16, 42, 1, 50, 3, 37, 43, 13, 55, 27, 41, 51, 44, 50, 27, 9, 29, 23, 0, 53, 35, 42, 14, 43, 44, 21, 35, 2, 34, 47, 10, 44, 2, 49, 28, 16, 15, 22, 42, 42, 5, 49, 11, 18, 38, 46, 14, 17, 23, 16, 5, 55, 44, 27, 34, 1, 24, 39, 13, 28, 16, 4, 10, 44, 41, 24, 39, 30, 52, 4, 36, 19, 27, 14, 14, 15, 0, 32, 20, 25, 37, 10, 7, 22, 22, 10, 17, 39, 39, 29, 21, 51, 52, 26, 9, 54, 30, 35, 44, 47, 37, 47, 23, 20, 48, 29, 24, 27, 28, 13, 8, 42, 8, 31, 1, 54, 35, 12, 1, 33, 40, 48, 9, 31, 33, 8, 33, 45, 9, 6, 52, 30, 1, 51, 49, 8, 3, 48, 46, 40, 25, 38, 23, 10, 29, 18, 13, 13, 14, 5, 25, 40, 54, 14, 21, 16, 7, 45, 39, 4, 42, 52, 53, 10, 5, 43, 48, 29, 26, 31, 28, 51, 44, 43, 41, 21, 38, 46, 50, 46, 18, 55, 37, 32, 3, 33, 38, 28, 23, 18, 15, 25, 4, 33, 7, 19, 10, 46, 52, 2, 6, 46, 22, 0, 29, 20, 27, 10, 21, 12, 49, 43, 1, 37, 6, 1, 49, 44, 51, 18, 50, 5, 22, 3, 17, 31, 23, 10, 55, 55, 9, 17, 16, 40, 34, 9, 1, 17, 56, 22, 42, 0, 47, 23, 5, 40, 16, 19, 3, 8, 11, 42, 23, 1, 16, 41, 49, 5, 43, 41, 51, 11, 4, 41, 44, 44, 26, 7, 5, 8, 18, 14, 34, 3, 51, 54, 51, 40, 12, 17, 50, 2, 6, 42, 52, 38, 8, 14, 43, 45, 53, 12, 8, 25, 15, 4, 9, 46]
lvis
  label  seg_miou  seg_fg_iou  seg_bg_iou  cls_fg_iou  cls_miou
0  MEAN  0.609241    0.232631    0.985852    0.169942  0.577897
lvis
  label  seg_miou  seg_fg_iou  seg_bg_iou  cls_fg_iou  cls_miou
0  MEAN  0.642899    0.302755    0.983044    0.169943  0.576493
lvis
  label  seg_miou  seg_fg_iou  seg_bg_iou  cls_fg_iou  cls_miou
0  MEAN  0.563408    0.141682    0.985135    0.170217  0.577676
tensor([[[0, 0, 0,  ..., 0, 0, 0],
         [0, 0, 0,  ..., 0, 0, 0],
         [0, 0, 0,  ..., 0, 0, 0],
         ...,
         [0, 0, 0,  ..., 0, 0, 0],
         [0, 0, 0,  ..., 0, 0, 0],
         [0, 0, 0,  ..., 0, 0, 0]],

        [[0, 0, 0,  ..., 0, 0, 0],
         [0, 0, 0,  ..., 0, 0, 0],
         [0, 0, 0,  ..., 0, 0, 0],
         ...,
         [0, 0, 0,  ..., 0, 0, 0],
         [0, 0, 0,  ..., 0, 0, 0],
         [0, 0, 0,  ..., 0, 0, 0]],

        [[0, 0, 0,  ..., 0, 0, 0],
         [0, 0, 0,  ..., 0, 0, 0],
         [0, 0, 0,  ..., 0, 0, 0],
         ...,
         [0, 0, 0,  ..., 0, 0, 0],
         [0, 0, 0,  ..., 0, 0, 0],
         [0, 0, 0,  ..., 0, 0, 0]],

        [[0, 0, 0,  ..., 0, 0, 0],
         [0, 0, 0,  ..., 0, 0, 0],
         [0, 0, 0,  ..., 0, 0, 0],
         ...,
         [0, 0, 0,  ..., 0, 0, 0],
         [0, 0, 0,  ..., 0, 0, 0],
         [0, 0, 0,  ..., 0, 0, 0]],

        [[0, 0, 0,  ..., 0, 0, 0],
         [0, 0, 0,  ..., 0, 0, 0],
         [0, 0, 0,  ..., 0, 0, 0],
         ...,
         [0, 0, 0,  ..., 0, 0, 0],
         [0, 0, 0,  ..., 0, 0, 0],
         [0, 0, 0,  ..., 0, 0, 0]]], device='cuda:0')
tensor([[[0, 0, 0,  ..., 0, 0, 0],
         [0, 0, 0,  ..., 0, 0, 0],
         [0, 0, 0,  ..., 0, 0, 0],
         ...,
         [0, 0, 0,  ..., 0, 0, 0],
         [0, 0, 0,  ..., 0, 0, 0],
         [0, 0, 0,  ..., 0, 0, 0]],

        [[0, 0, 0,  ..., 0, 0, 0],
         [0, 0, 0,  ..., 0, 0, 0],
         [0, 0, 0,  ..., 0, 0, 0],
         ...,
         [0, 0, 0,  ..., 0, 0, 0],
         [0, 0, 0,  ..., 0, 0, 0],
         [0, 0, 0,  ..., 0, 0, 0]],

        [[0, 0, 0,  ..., 0, 0, 0],
         [0, 0, 0,  ..., 0, 0, 0],
         [0, 0, 0,  ..., 0, 0, 0],
         ...,
         [0, 0, 0,  ..., 0, 0, 0],
         [0, 0, 0,  ..., 0, 0, 0],
         [0, 0, 0,  ..., 0, 0, 0]],

        [[0, 0, 0,  ..., 0, 0, 0],
         [0, 0, 0,  ..., 0, 0, 0],
         [0, 0, 0,  ..., 0, 0, 0],
         ...,
         [0, 0, 0,  ..., 0, 0, 0],
         [0, 0, 0,  ..., 0, 0, 0],
         [0, 0, 0,  ..., 0, 0, 0]],

        [[0, 0, 0,  ..., 0, 0, 0],
         [0, 0, 0,  ..., 0, 0, 0],
         [0, 0, 0,  ..., 0, 0, 0],
         ...,
         [0, 0, 0,  ..., 0, 0, 0],
         [0, 0, 0,  ..., 0, 0, 0],
         [0, 0, 0,  ..., 0, 0, 0]]], device='cuda:0')
tensor([[[0, 0, 0,  ..., 0, 0, 0],
         [0, 0, 0,  ..., 0, 0, 0],
         [0, 0, 0,  ..., 0, 0, 0],
         ...,
         [0, 0, 0,  ..., 0, 0, 0],
         [0, 0, 0,  ..., 0, 0, 0],
         [0, 0, 0,  ..., 0, 0, 0]],

        [[0, 0, 0,  ..., 0, 0, 0],
         [0, 0, 0,  ..., 0, 0, 0],
         [0, 0, 0,  ..., 0, 0, 0],
         ...,
         [0, 0, 0,  ..., 0, 0, 0],
         [0, 0, 0,  ..., 0, 0, 0],
         [0, 0, 0,  ..., 0, 0, 0]],

        [[0, 0, 0,  ..., 0, 0, 0],
         [0, 0, 0,  ..., 0, 0, 0],
         [0, 0, 0,  ..., 0, 0, 0],
         ...,
         [0, 0, 0,  ..., 0, 0, 0],
         [0, 0, 0,  ..., 0, 0, 0],
         [0, 0, 0,  ..., 0, 0, 0]],

        [[0, 0, 0,  ..., 0, 0, 0],
         [0, 0, 0,  ..., 0, 0, 0],
         [0, 0, 0,  ..., 0, 0, 0],
         ...,
         [0, 0, 0,  ..., 0, 0, 0],
         [0, 0, 0,  ..., 0, 0, 0],
         [0, 0, 0,  ..., 0, 0, 0]],

        [[0, 0, 0,  ..., 0, 0, 0],
         [0, 0, 0,  ..., 0, 0, 0],
         [0, 0, 0,  ..., 0, 0, 0],
         ...,
         [0, 0, 0,  ..., 0, 0, 0],
         [0, 0, 0,  ..., 0, 0, 0],
         [0, 0, 0,  ..., 0, 0, 0]]], device='cuda:0')
lvis
  label  seg_miou  seg_fg_iou  seg_bg_iou  cls_fg_iou  cls_miou
0  MEAN  0.609312    0.232934    0.985689    0.170139  0.577914
tensor([ 1, 35,  8, 46, 30, 45,  9, 44, 21, 21], device='cuda:0')
tensor([25, 10, 23,  0, 18, 54, 46, 24,  8,  5], device='cuda:0')
lvis
  label  seg_miou  seg_fg_iou  seg_bg_iou  cls_fg_iou  cls_miou
0  MEAN  0.621033    0.256246     0.98582    0.170393  0.578106
tensor([53, 11, 31, 39,  0, 52, 42,  9,  5, 14], device='cuda:0')
lvis
  label  seg_miou  seg_fg_iou  seg_bg_iou  cls_fg_iou  cls_miou
0  MEAN  0.606563    0.253416     0.95971        0.17  0.564855
tensor([22, 10, 26, 42,  8,  0, 32, 43,  7, 16], device='cuda:0')
tensor([45, 20, 43, 36,  3, 25,  8, 53, 56,  9], device='cuda:0')
lvis
  label  seg_miou  seg_fg_iou  seg_bg_iou  cls_fg_iou  cls_miou
0  MEAN  0.595335    0.205202    0.985467    0.169818  0.577643
tensor([29, 31,  5, 16, 32, 14,  0, 18, 10, 43], device='cuda:0')
tensor([35, 21, 31, 35, 32, 15, 38, 55, 13, 35], device='cuda:0')
lvis
  label  seg_miou  seg_fg_iou  seg_bg_iou  cls_fg_iou  cls_miou
0  MEAN  0.633594     0.28068    0.986509    0.173355  0.579932
tensor([29, 49, 22, 32, 26, 13, 43, 12, 41, 39], device='cuda:0')
tensor([46,  8, 52, 12, 27, 54, 12, 43,  4, 51], device='cuda:0')
lvis
  label  seg_miou  seg_fg_iou  seg_bg_iou  cls_fg_iou  cls_miou
0  MEAN  0.630256    0.274494    0.986017    0.172876  0.579447
tensor([35, 31, 49, 48, 26, 19, 21,  9, 38, 17], device='cuda:0')
tensor([11, 27, 24, 10, 37, 40, 53, 52, 26, 29], device='cuda:0')
lvis
  label  seg_miou  seg_fg_iou  seg_bg_iou  cls_fg_iou  cls_miou
0  MEAN  0.570392    0.155539    0.985245    0.173168  0.579206
torch.Size([10, 51, 640, 640])
tensor([43, 11,  6, 13, 27,  7,  8, 49,  8, 43], device='cuda:0')
torch.Size([10, 51, 640, 640])
tensor([46, 34, 46, 51, 52,  5, 54, 41, 27, 16], device='cuda:0')
lvis
  label  seg_miou  seg_fg_iou  seg_bg_iou  cls_fg_iou  cls_miou
0  MEAN  0.565166    0.145171    0.985162    0.169701  0.577432
torch.Size([10, 58, 640, 640])
tensor([44, 26,  7, 21, 25, 43, 15, 26,  5, 22], device='cuda:0')
torch.Size([10, 58, 640, 640])
tensor([17,  4, 19, 38, 15, 17, 48, 32, 48, 46], device='cuda:0')
torch.Size([10, 58, 640, 640])
tensor([46, 51, 41, 56,  7, 33, 29, 33, 26, 12], device='cuda:0')
torch.Size([10, 58, 640, 640])
tensor([26, 14, 40, 56, 26, 42,  7, 52, 41, 38], device='cuda:0')
torch.Size([10, 58, 640, 640])
tensor([27, 11, 30,  2, 52,  1, 33, 22, 22, 23], device='cuda:0')
torch.Size([10, 58, 640, 640])
tensor([ 3, 10, 55, 24,  4, 16, 29, 41, 38, 39], device='cuda:0')
torch.Size([10, 58, 640, 640])
tensor([45, 43, 11, 39, 14,  3, 52, 26, 26, 49], device='cuda:0')
torch.Size([10, 58, 640, 640])
tensor([10, 55,  5, 13, 49,  8, 21, 22, 35, 14], device='cuda:0')
torch.Size([10, 58, 640, 640])
tensor([44,  7, 34,  2, 32, 21, 48, 47, 11,  6], device='cuda:0')
torch.Size([10, 58, 640, 640])
tensor([ 1, 37, 48, 34, 19, 20,  5, 34, 23, 18], device='cuda:0')
torch.Size([10, 58, 640, 640])
tensor([56,  2, 38, 50,  5, 19, 21, 56, 16, 47], device='cuda:0')
torch.Size([10, 58, 640, 640])
tensor([ 7, 49, 20, 53, 23, 10, 13, 30, 15, 54], device='cuda:0')
torch.Size([10, 58, 640, 640])
tensor([41, 30, 10, 37, 33, 38, 47, 11, 27, 16], device='cuda:0')
torch.Size([10, 58, 640, 640])
tensor([24, 44, 47, 33, 17, 40, 32, 41, 44, 20], device='cuda:0')
torch.Size([10, 58, 640, 640])
tensor([ 3, 44, 23, 53, 42, 47, 19, 34, 39, 14], device='cuda:0')
torch.Size([10, 58, 640, 640])
tensor([ 7, 20, 21, 24, 56, 34,  1, 16, 19, 52], device='cuda:0')
torch.Size([10, 58, 640, 640])
tensor([17, 42, 21, 26, 38, 28, 46, 29, 19, 15], device='cuda:0')
torch.Size([10, 58, 640, 640])
tensor([38, 39, 19, 24, 38, 52,  4, 38, 46, 54], device='cuda:0')
torch.Size([10, 58, 640, 640])
tensor([54, 46,  3, 47, 15, 41, 54, 26,  3,  6], device='cuda:0')
torch.Size([10, 58, 640, 640])
tensor([53, 21, 43, 14, 56, 31, 42, 15, 17, 30], device='cuda:0')
torch.Size([10, 58, 640, 640])
tensor([51,  6, 39, 46,  1, 42, 53,  1, 32,  1], device='cuda:0')
torch.Size([10, 58, 640, 640])
tensor([10, 52, 29, 36, 16, 25, 44, 49, 39,  9], device='cuda:0')
torch.Size([10, 58, 640, 640])
tensor([24,  4,  9, 42, 47, 46, 42, 50, 51, 25], device='cuda:0')
torch.Size([10, 58, 640, 640])
tensor([ 6, 37, 35, 12, 18, 45, 36, 51, 52, 17], device='cuda:0')
torch.Size([10, 58, 640, 640])
tensor([40, 33, 24, 39, 21, 12, 12, 45, 11, 15], device='cuda:0')
torch.Size([10, 58, 640, 640])
tensor([35, 55, 20, 44, 38, 53, 42,  4, 17,  7], device='cuda:0')
torch.Size([10, 58, 640, 640])
tensor([47, 29, 24, 30, 37,  6,  4, 30, 28, 30], device='cuda:0')
torch.Size([10, 58, 640, 640])
tensor([55, 52,  7,  8, 48, 17, 54, 28,  2, 50], device='cuda:0')
torch.Size([10, 58, 640, 640])
tensor([45,  2, 19, 42, 45, 27, 30,  6,  6, 22], device='cuda:0')
torch.Size([10, 58, 640, 640])
tensor([30,  6, 31, 53,  1,  9, 28, 47, 44, 36], device='cuda:0')
torch.Size([10, 58, 640, 640])
tensor([45, 27, 24, 50, 52, 30, 37, 25, 11, 22], device='cuda:0')
torch.Size([10, 58, 640, 640])
tensor([14, 23, 41, 23,  1, 37,  7, 12,  0, 46], device='cuda:0')
torch.Size([10, 58, 640, 640])
tensor([13,  7, 10, 49, 35, 35, 27, 43, 15, 18], device='cuda:0')
torch.Size([10, 58, 640, 640])
tensor([29, 25, 27, 17, 27, 37, 13, 10, 56, 30], device='cuda:0')
torch.Size([10, 58, 640, 640])
tensor([23, 17, 41, 34, 51, 43, 38, 45, 29, 51], device='cuda:0')
torch.Size([10, 58, 640, 640])
tensor([48, 45, 37,  3, 46,  5,  6, 21, 29, 33], device='cuda:0')
torch.Size([10, 58, 640, 640])
tensor([31, 35,  1,  8, 53,  6, 10, 51, 52, 37], device='cuda:0')
torch.Size([10, 58, 640, 640])
tensor([14, 24, 12,  0, 53, 29, 39, 23, 55, 14], device='cuda:0')
torch.Size([10, 58, 640, 640])
tensor([34, 10, 54, 35, 56, 15, 26,  8, 55,  1], device='cuda:0')
torch.Size([10, 58, 640, 640])
tensor([24, 37, 32, 25, 29, 53,  6, 41, 21, 50], device='cuda:0')
torch.Size([10, 58, 640, 640])
tensor([35,  3,  2, 38, 52, 43, 44, 25,  5, 36], device='cuda:0')
torch.Size([10, 58, 640, 640])
tensor([51, 22,  3, 14, 34, 32, 40,  0,  7, 43], device='cuda:0')
torch.Size([10, 58, 640, 640])
tensor([14, 20, 12,  9, 14, 21, 24, 21, 18, 13], device='cuda:0')
torch.Size([10, 58, 640, 640])
tensor([49, 17, 46,  0, 34,  1, 33, 12,  5, 40], device='cuda:0')
torch.Size([10, 58, 640, 640])
tensor([46, 18, 52, 38, 35, 50, 17, 20, 52, 10], device='cuda:0')
torch.Size([10, 58, 640, 640])
tensor([24, 50,  9, 30, 36, 52, 42, 45, 47, 38], device='cuda:0')
torch.Size([10, 58, 640, 640])
tensor([ 0, 56,  7,  1, 36, 38, 18, 51, 22, 17], device='cuda:0')
torch.Size([10, 58, 640, 640])
tensor([52,  8, 25,  1, 22, 40,  5,  6, 14, 40], device='cuda:0')
torch.Size([10, 58, 640, 640])
tensor([20, 47, 37, 29, 25, 53, 14, 46,  7, 48], device='cuda:0')
torch.Size([10, 58, 640, 640])
tensor([47, 46, 34, 55, 13,  0, 12, 50, 37, 13], device='cuda:0')
torch.Size([10, 58, 640, 640])
tensor([18,  5, 25, 22, 41, 16, 11,  0,  7,  0], device='cuda:0')
torch.Size([10, 58, 640, 640])
tensor([37, 22, 30,  6, 30, 50, 38, 42, 55, 52], device='cuda:0')
torch.Size([10, 58, 640, 640])
tensor([14,  5, 14, 48, 46, 47, 27, 33,  9,  3], device='cuda:0')
torch.Size([10, 58, 640, 640])
tensor([54, 48, 41, 26, 14, 29, 16, 56, 44, 26], device='cuda:0')
torch.Size([10, 58, 640, 640])
tensor([52, 13,  1, 44,  9,  4, 32, 13, 41,  0], device='cuda:0')
torch.Size([10, 58, 640, 640])
tensor([31, 42, 48, 22, 38, 35,  6, 33, 43, 22], device='cuda:0')
torch.Size([10, 58, 640, 640])
tensor([28, 45, 54, 21, 37, 32, 29, 17, 22,  8], device='cuda:0')
torch.Size([10, 58, 640, 640])
tensor([18, 11, 32, 24, 18, 35,  6,  1, 19, 29], device='cuda:0')
torch.Size([10, 58, 640, 640])
tensor([20, 33, 12, 10, 29, 12,  3, 22, 20, 51], device='cuda:0')
torch.Size([10, 58, 640, 640])
tensor([52, 29, 38, 50, 16, 50, 25, 37, 45, 46], device='cuda:0')
torch.Size([10, 58, 640, 640])
tensor([22, 10, 40, 17, 35, 26, 43, 31,  0, 55], device='cuda:0')
torch.Size([10, 58, 640, 640])
tensor([14, 56, 19, 56,  5, 44,  4, 27, 50,  6], device='cuda:0')
torch.Size([10, 58, 640, 640])
tensor([ 3, 31, 49, 28, 19, 36,  0, 27, 46,  6], device='cuda:0')
torch.Size([10, 58, 640, 640])
tensor([33, 24, 32,  9, 15, 46, 31, 22, 43, 30], device='cuda:0')
torch.Size([10, 58, 640, 640])
tensor([19, 44, 46, 11,  8, 40, 54, 53, 48, 17], device='cuda:0')
torch.Size([10, 58, 640, 640])
tensor([24, 22, 40, 19,  5, 45, 36, 25, 49, 11], device='cuda:0')
torch.Size([10, 58, 640, 640])
tensor([53,  1, 52, 41, 36, 41, 45, 30,  4, 50], device='cuda:0')
torch.Size([10, 58, 640, 640])
tensor([37, 12, 43, 55,  9, 34,  5, 41, 30, 28], device='cuda:0')
torch.Size([10, 58, 640, 640])
tensor([48, 48, 53, 50, 23,  8, 44, 52, 42, 11], device='cuda:0')
torch.Size([10, 58, 640, 640])
tensor([42,  9, 51,  8, 37, 56, 26, 22,  4,  5], device='cuda:0')
torch.Size([10, 58, 640, 640])
tensor([23,  8,  9, 18, 29, 37, 43,  4, 14, 33], device='cuda:0')
torch.Size([10, 58, 640, 640])
tensor([55, 27, 24, 12,  6, 54, 14, 55, 46, 25], device='cuda:0')
torch.Size([10, 58, 640, 640])
tensor([32, 38, 44, 24, 43, 17, 54, 37, 28, 38], device='cuda:0')
torch.Size([10, 58, 640, 640])
tensor([29, 43, 43, 50, 45,  2, 53, 48, 47, 23], device='cuda:0')
torch.Size([10, 58, 640, 640])
tensor([44, 23, 39,  8, 44, 27, 32,  7, 15, 53], device='cuda:0')
torch.Size([10, 58, 640, 640])
tensor([23,  4, 37, 47, 47, 46, 15,  2, 17, 19], device='cuda:0')
torch.Size([10, 58, 640, 640])
tensor([37, 43,  6, 39,  0,  1, 39, 16, 22,  8], device='cuda:0')
torch.Size([10, 58, 640, 640])
tensor([ 0, 14,  5,  4, 30, 42,  7,  3, 31, 27], device='cuda:0')
torch.Size([10, 58, 640, 640])
tensor([ 8, 48, 33, 24,  3, 19, 22, 18, 27, 32], device='cuda:0')
torch.Size([10, 58, 640, 640])
tensor([ 0, 49, 17, 50,  0,  9, 27, 15, 25, 23], device='cuda:0')
torch.Size([10, 58, 640, 640])
tensor([49, 46, 25, 25, 33, 45, 54, 13, 27, 52], device='cuda:0')
torch.Size([10, 58, 640, 640])
tensor([26, 15, 41, 17, 15, 29, 22, 28, 42, 30], device='cuda:0')
torch.Size([10, 58, 640, 640])
tensor([37, 40, 33, 29, 18, 21, 10, 43, 38, 46], device='cuda:0')
torch.Size([10, 58, 640, 640])
tensor([29, 19, 22,  8, 48, 28, 56, 23, 26,  5], device='cuda:0')
torch.Size([10, 58, 640, 640])
tensor([19,  1,  9, 45, 33, 21, 36, 22, 32,  1], device='cuda:0')
torch.Size([10, 58, 640, 640])
tensor([ 9, 21,  3,  9, 51, 27, 37, 42, 54, 13], device='cuda:0')
torch.Size([10, 58, 640, 640])
tensor([ 3, 19,  1,  4, 43, 31, 19, 51, 53, 52], device='cuda:0')
torch.Size([10, 58, 640, 640])
tensor([51, 21, 34, 23, 44, 14, 38, 29, 27, 39], device='cuda:0')
torch.Size([10, 58, 640, 640])
tensor([ 4, 13, 21, 16, 36, 40, 19, 55,  3, 43], device='cuda:0')
torch.Size([10, 58, 640, 640])
tensor([41, 54, 11, 19,  9, 22, 44, 15, 55, 28], device='cuda:0')
torch.Size([10, 58, 640, 640])
tensor([40, 27,  1, 30,  3,  9, 32,  5, 43, 46], device='cuda:0')
torch.Size([10, 58, 640, 640])
tensor([41, 55, 30, 42, 43, 11, 21, 20, 11, 32], device='cuda:0')
torch.Size([10, 58, 640, 640])
tensor([ 1, 56, 53, 14, 50,  3, 10, 27, 53, 10], device='cuda:0')
torch.Size([10, 58, 640, 640])
tensor([ 0, 41,  2, 13, 20, 35,  5,  1, 56, 39], device='cuda:0')
torch.Size([10, 58, 640, 640])
tensor([25, 50, 53, 50, 48, 22, 21, 46, 55,  3], device='cuda:0')
torch.Size([10, 58, 640, 640])
tensor([29, 15, 53, 12, 55, 21, 49,  7, 48, 45], device='cuda:0')
torch.Size([10, 58, 640, 640])
tensor([ 9,  6, 25, 21, 43, 45, 10, 22, 56, 31], device='cuda:0')
torch.Size([10, 58, 640, 640])
tensor([52, 50, 24, 22, 10, 39, 26, 29, 56,  5], device='cuda:0')
torch.Size([10, 58, 640, 640])
tensor([35, 43, 14, 39,  7, 42, 27, 10, 55, 22], device='cuda:0')
torch.Size([10, 58, 640, 640])
tensor([ 3, 28, 23,  5, 36, 44,  4, 40, 15,  4], device='cuda:0')
torch.Size([10, 58, 640, 640])
tensor([18, 40, 16, 25, 23, 40, 26, 45, 53, 39], device='cuda:0')
torch.Size([10, 58, 640, 640])
tensor([30, 28, 41, 14, 19, 18, 34,  8, 39, 40], device='cuda:0')
torch.Size([10, 58, 640, 640])
tensor([32, 52,  2, 45, 50, 54, 16, 35, 55, 12], device='cuda:0')
torch.Size([10, 58, 640, 640])
tensor([45, 40, 10, 22,  8,  0, 26, 19,  5, 50], device='cuda:0')
torch.Size([10, 58, 640, 640])
tensor([16, 22, 49, 42, 27, 44, 50, 33, 46,  7], device='cuda:0')
torch.Size([10, 58, 640, 640])
tensor([15, 23, 42, 40, 54, 10, 38, 53, 16,  7], device='cuda:0')
torch.Size([10, 58, 640, 640])
tensor([25, 49, 26,  8, 56, 56, 23, 15, 44, 44], device='cuda:0')
torch.Size([10, 58, 640, 640])
tensor([43, 50, 51, 50, 33, 19, 56,  3, 28, 43], device='cuda:0')
torch.Size([10, 58, 640, 640])
tensor([15,  7, 50, 25, 10, 48, 34, 38, 52, 14], device='cuda:0')
torch.Size([10, 58, 640, 640])
tensor([ 6, 37, 21, 25, 40, 24, 17, 25, 15, 11], device='cuda:0')
torch.Size([10, 58, 640, 640])
tensor([53,  3, 35,  6,  8, 44, 16, 10, 43, 31], device='cuda:0')
torch.Size([10, 58, 640, 640])
tensor([49,  4, 10,  0, 17, 31, 41, 17, 31, 23], device='cuda:0')
torch.Size([10, 58, 640, 640])
tensor([54, 32, 14, 35,  4,  6, 29, 43,  6, 41], device='cuda:0')
torch.Size([10, 58, 640, 640])
tensor([49, 33,  8, 23, 11,  9, 37, 19, 40, 51], device='cuda:0')
torch.Size([10, 58, 640, 640])
tensor([47, 52, 11, 39, 10, 44, 34, 45, 53, 46], device='cuda:0')
torch.Size([10, 58, 640, 640])
tensor([ 6,  8, 18, 44, 43,  4, 17, 42, 53, 41], device='cuda:0')
torch.Size([10, 58, 640, 640])
tensor([27, 55, 15, 55,  3, 24, 15, 18, 15, 12], device='cuda:0')
torch.Size([10, 58, 640, 640])
tensor([43, 33, 30,  7, 46, 55, 46, 20, 18, 26], device='cuda:0')
torch.Size([10, 58, 640, 640])
tensor([42, 39, 31, 48, 34, 43,  8, 23, 22, 22], device='cuda:0')
torch.Size([10, 58, 640, 640])
tensor([ 5, 35, 26,  6,  1, 18, 38, 34,  1, 18], device='cuda:0')
torch.Size([10, 58, 640, 640])
tensor([47,  2, 34,  4,  8, 23, 21,  3, 30, 10], device='cuda:0')
torch.Size([10, 58, 640, 640])
tensor([50, 30, 46, 34, 20, 48, 53,  1, 14,  5], device='cuda:0')
torch.Size([10, 58, 640, 640])
tensor([45,  3,  2, 11, 56, 28, 20, 32, 26, 49], device='cuda:0')
torch.Size([10, 58, 640, 640])
tensor([27, 42, 49,  4, 13, 25,  2, 24, 20, 29], device='cuda:0')
torch.Size([10, 58, 640, 640])
tensor([25, 49, 43, 18, 26, 27, 26, 15, 54,  4], device='cuda:0')
torch.Size([10, 58, 640, 640])
tensor([52, 46,  3, 16,  9, 38, 33,  6, 26, 19], device='cuda:0')
torch.Size([10, 58, 640, 640])
tensor([41,  8, 13, 52, 51,  5, 37,  7, 37,  5], device='cuda:0')
torch.Size([10, 58, 640, 640])
tensor([46, 32,  4, 16, 27, 10, 14,  1, 28, 47], device='cuda:0')
torch.Size([10, 58, 640, 640])
tensor([ 2,  6, 42,  2, 53,  1,  1, 31, 30,  4], device='cuda:0')
torch.Size([10, 58, 640, 640])
tensor([55, 11, 19, 22, 41, 53, 40, 55,  9,  7], device='cuda:0')
torch.Size([10, 58, 640, 640])
tensor([41, 28, 41, 49, 24, 40, 56, 51,  4, 11], device='cuda:0')
torch.Size([10, 58, 640, 640])
tensor([19, 27, 47, 25, 42, 10, 22, 14, 26, 16], device='cuda:0')
torch.Size([10, 58, 640, 640])
tensor([42,  6, 41, 40, 47,  2, 14, 33, 30, 36], device='cuda:0')
torch.Size([10, 58, 640, 640])
tensor([28, 20, 26, 32, 25, 16, 47,  1,  2, 22], device='cuda:0')
torch.Size([10, 58, 640, 640])
tensor([43, 35, 30, 28, 47, 30, 10, 38, 48, 49], device='cuda:0')
torch.Size([10, 58, 640, 640])
tensor([ 0, 49, 33, 42, 40, 18, 54, 31, 41, 34], device='cuda:0')
torch.Size([10, 58, 640, 640])
tensor([38, 16, 41, 51, 52,  8,  1, 24, 48, 55], device='cuda:0')
torch.Size([10, 58, 640, 640])
tensor([37, 11, 18, 10, 45, 53, 32, 28, 29, 16], device='cuda:0')
torch.Size([10, 58, 640, 640])
tensor([25, 24, 45, 43, 23, 36, 25, 35, 29, 47], device='cuda:0')
torch.Size([10, 58, 640, 640])
tensor([ 5,  0,  1, 24,  7, 36, 27, 32, 42,  7], device='cuda:0')
torch.Size([10, 58, 640, 640])
tensor([38, 50,  2, 54, 49, 48, 21, 48, 31, 46], device='cuda:0')
torch.Size([10, 58, 640, 640])
tensor([30, 20,  8,  0, 23,  6, 53, 32, 39, 47], device='cuda:0')
torch.Size([10, 58, 640, 640])
tensor([ 1, 43, 38, 36, 45, 30, 13, 29, 16, 18], device='cuda:0')
torch.Size([10, 58, 640, 640])
tensor([29, 35, 31, 16,  4,  1, 43,  6, 26, 10], device='cuda:0')
torch.Size([10, 58, 640, 640])
tensor([56, 54, 45, 25, 32,  5, 48,  6, 39, 30], device='cuda:0')
torch.Size([10, 58, 640, 640])
tensor([ 2, 50,  4, 28, 32, 50,  0, 14, 34,  2], device='cuda:0')
torch.Size([10, 58, 640, 640])
tensor([43, 53, 40, 21, 43, 34, 50,  5,  2, 55], device='cuda:0')
torch.Size([10, 58, 640, 640])
tensor([22, 52, 14, 48, 28, 19,  2, 56, 37, 41], device='cuda:0')
torch.Size([10, 58, 640, 640])
tensor([39, 24, 11, 47, 31, 19, 26, 55, 32, 31], device='cuda:0')
torch.Size([10, 58, 640, 640])
tensor([10, 20, 38, 53, 40, 51, 41, 16, 55, 37], device='cuda:0')
torch.Size([10, 58, 640, 640])
tensor([28, 21,  8,  1, 43, 15, 39, 49, 23, 41], device='cuda:0')
torch.Size([10, 58, 640, 640])
tensor([29, 51,  9, 31, 52, 26, 52, 20, 55, 53], device='cuda:0')
torch.Size([10, 58, 640, 640])
tensor([56,  9,  6, 44, 41, 19, 17, 52, 43, 43], device='cuda:0')
torch.Size([10, 58, 640, 640])
tensor([16,  7, 18, 45, 44, 11, 50, 41,  7, 43], device='cuda:0')
torch.Size([10, 58, 640, 640])
tensor([50, 39, 43,  3, 20, 17, 28, 44, 13, 56], device='cuda:0')
torch.Size([10, 58, 640, 640])
tensor([53,  6, 54,  6, 16, 10,  9, 51, 26, 23], device='cuda:0')
torch.Size([10, 58, 640, 640])
tensor([ 3,  5, 53, 53, 28, 46,  0, 35, 34, 40], device='cuda:0')
torch.Size([10, 58, 640, 640])
tensor([44, 11, 27, 29,  7, 38,  3, 26, 29, 17], device='cuda:0')
torch.Size([10, 58, 640, 640])
tensor([28, 27, 48, 27,  4, 45, 36,  0, 33,  6], device='cuda:0')
torch.Size([10, 58, 640, 640])
tensor([49, 17, 39, 25, 42, 40, 33,  7, 36, 43], device='cuda:0')
torch.Size([10, 58, 640, 640])
tensor([50, 32, 56, 24, 20,  6, 40, 16, 19, 12], device='cuda:0')
torch.Size([10, 58, 640, 640])
tensor([46, 54, 29, 52, 31, 11, 27,  1, 40, 14], device='cuda:0')
torch.Size([10, 58, 640, 640])
tensor([53, 47, 21, 39, 51, 55, 29, 15, 17, 40], device='cuda:0')
torch.Size([10, 58, 640, 640])
tensor([40,  2, 30,  3, 14, 25,  7, 44, 48, 13], device='cuda:0')
torch.Size([10, 58, 640, 640])
tensor([29, 32, 11, 52,  3, 31, 34, 42, 35, 23], device='cuda:0')
torch.Size([10, 58, 640, 640])
tensor([56, 12, 44, 40, 25, 43, 33, 28, 36,  7], device='cuda:0')
torch.Size([10, 58, 640, 640])
tensor([38, 11, 16, 11, 29, 25, 28, 33, 51, 54], device='cuda:0')
torch.Size([10, 58, 640, 640])
tensor([40, 23, 16, 35, 11, 51, 21, 13, 55, 43], device='cuda:0')
torch.Size([10, 58, 640, 640])
tensor([21, 10, 18, 19, 51, 51, 44, 38,  5, 53], device='cuda:0')
torch.Size([10, 58, 640, 640])
tensor([47, 43, 37, 14, 46, 18,  5, 55, 48, 23], device='cuda:0')
torch.Size([10, 58, 640, 640])
tensor([34,  6, 47, 42, 54,  5, 54, 47,  6, 34], device='cuda:0')
torch.Size([10, 58, 640, 640])
tensor([12, 47, 56, 45,  2, 54, 40,  5, 45, 43], device='cuda:0')
torch.Size([10, 58, 640, 640])
tensor([23, 54,  9, 21, 26, 54, 45, 12, 53, 46], device='cuda:0')
torch.Size([10, 58, 640, 640])
tensor([15, 16, 17, 17, 26, 55, 12, 15, 52, 46], device='cuda:0')
torch.Size([10, 58, 640, 640])
tensor([43, 23, 39,  5,  6, 55, 50, 18,  5, 54], device='cuda:0')
torch.Size([10, 58, 640, 640])
tensor([53,  7, 47, 25, 32, 17, 19, 26, 18, 30], device='cuda:0')
torch.Size([10, 58, 640, 640])
tensor([35, 31, 29,  0, 11, 54, 19, 18, 27, 18], device='cuda:0')
torch.Size([10, 58, 640, 640])
tensor([ 9,  5, 33, 29, 38,  1, 36, 56, 33, 37], device='cuda:0')
torch.Size([10, 58, 640, 640])
tensor([24, 17, 20, 54, 30, 54, 40,  8,  9, 52], device='cuda:0')
torch.Size([10, 58, 640, 640])
tensor([ 1, 49, 54,  8, 51, 53, 39, 32, 42, 44], device='cuda:0')
torch.Size([10, 58, 640, 640])
tensor([29, 16, 38, 28, 24, 12, 44, 11,  5, 43], device='cuda:0')
torch.Size([10, 58, 640, 640])
tensor([43,  0, 34, 42, 31, 23, 40, 27, 32, 27], device='cuda:0')
torch.Size([10, 58, 640, 640])
tensor([36,  0, 43,  8,  4, 34, 29, 29, 41, 35], device='cuda:0')
torch.Size([10, 58, 640, 640])
tensor([44,  8, 27, 33,  2, 15, 25,  0,  9, 27], device='cuda:0')
torch.Size([10, 58, 640, 640])
tensor([18, 51, 43,  5, 19, 48, 48, 55, 35, 20], device='cuda:0')
torch.Size([10, 58, 640, 640])
tensor([28,  7, 35, 47, 31, 27, 54, 52, 53, 18], device='cuda:0')
torch.Size([10, 58, 640, 640])
tensor([ 4, 40, 14, 16, 26, 24, 48, 24, 31, 30], device='cuda:0')
torch.Size([10, 58, 640, 640])
tensor([31, 12, 21, 52, 44, 13, 53, 24, 33, 56], device='cuda:0')
torch.Size([10, 58, 640, 640])
tensor([19, 13, 55, 21, 17, 37, 43, 46, 12, 56], device='cuda:0')
torch.Size([10, 58, 640, 640])
tensor([51, 26, 17, 49, 56, 35, 32, 51, 51, 14], device='cuda:0')
torch.Size([10, 58, 640, 640])
tensor([44, 53, 10, 56, 47, 39,  3,  6, 19, 43], device='cuda:0')
torch.Size([10, 58, 640, 640])
tensor([48, 24,  2, 22,  0, 56, 28, 13, 39, 31], device='cuda:0')
torch.Size([10, 58, 640, 640])
tensor([ 3, 56, 47, 32,  1, 30, 18,  1, 35, 43], device='cuda:0')
torch.Size([10, 58, 640, 640])
tensor([18, 48, 19, 11, 26, 20, 34, 23, 21,  9], device='cuda:0')
torch.Size([10, 58, 640, 640])
tensor([16,  0,  9, 16,  0, 36, 34, 32, 19, 25], device='cuda:0')
torch.Size([10, 58, 640, 640])
tensor([17, 43,  5, 29, 46, 32, 19, 14,  3, 49], device='cuda:0')
torch.Size([10, 58, 640, 640])
tensor([ 6, 30, 45, 52,  5, 14, 34, 34, 51,  3], device='cuda:0')
torch.Size([10, 58, 640, 640])
tensor([ 5, 36,  7, 19, 34,  3,  1, 21, 14, 47], device='cuda:0')
torch.Size([10, 58, 640, 640])
tensor([ 8, 23, 20, 14, 39, 20, 14,  3, 17, 54], device='cuda:0')
torch.Size([10, 58, 640, 640])
tensor([56, 21, 24, 10, 39, 10, 16, 39, 56, 14], device='cuda:0')
torch.Size([10, 58, 640, 640])
tensor([ 6, 22, 34, 16, 14, 53, 22, 35, 25, 33], device='cuda:0')
torch.Size([10, 58, 640, 640])
tensor([30,  9,  4, 39,  8, 26, 14,  4,  8, 49], device='cuda:0')
torch.Size([10, 58, 640, 640])
tensor([54, 33, 46, 32, 48, 31, 31, 37, 34,  2], device='cuda:0')
torch.Size([10, 58, 640, 640])
tensor([10, 14, 28, 10, 47, 12,  1, 16, 43,  1], device='cuda:0')
torch.Size([10, 58, 640, 640])
tensor([51, 22, 20, 37, 19, 47, 35, 20, 36, 25], device='cuda:0')
torch.Size([10, 58, 640, 640])
tensor([39, 46, 50, 55, 56, 39, 24, 40, 33,  4], device='cuda:0')
torch.Size([10, 58, 640, 640])
tensor([15, 30, 29, 56, 41, 17,  2, 18,  6, 23], device='cuda:0')
torch.Size([10, 58, 640, 640])
tensor([34, 28, 21, 29, 25, 52, 17, 36, 53, 34], device='cuda:0')
torch.Size([10, 58, 640, 640])
tensor([ 9, 20, 48, 14, 26, 25, 21, 52, 21, 44], device='cuda:0')
torch.Size([10, 58, 640, 640])
tensor([21, 50, 37, 45, 21, 13, 45, 15, 49, 23], device='cuda:0')
torch.Size([10, 58, 640, 640])
tensor([47, 44, 29, 28, 53, 38, 14, 45,  3,  1], device='cuda:0')
torch.Size([10, 58, 640, 640])
tensor([43, 41,  3, 53, 11, 55, 44, 20, 54, 13], device='cuda:0')
torch.Size([10, 58, 640, 640])
tensor([ 3,  3,  6, 22, 10, 53, 42,  5, 19, 28], device='cuda:0')
torch.Size([10, 58, 640, 640])
tensor([40, 55, 24, 52, 28, 52, 36,  8, 53,  4], device='cuda:0')
torch.Size([10, 58, 640, 640])
tensor([16, 45,  5,  0, 12, 33, 17, 43,  3, 52], device='cuda:0')
torch.Size([10, 58, 640, 640])
tensor([42, 17, 29, 15, 44, 41, 46, 46, 39,  9], device='cuda:0')
torch.Size([10, 58, 640, 640])
tensor([18,  5, 49, 43, 34,  7,  5,  5, 17, 56], device='cuda:0')
torch.Size([10, 58, 640, 640])
tensor([ 4, 37, 32, 24, 13, 39, 19, 29, 29, 21], device='cuda:0')
torch.Size([10, 58, 640, 640])
tensor([50, 23, 33, 37,  4, 40, 29,  6, 48,  3], device='cuda:0')
torch.Size([10, 58, 640, 640])
tensor([12, 36, 54, 33, 23, 48, 10, 22, 12,  3], device='cuda:0')
torch.Size([10, 58, 640, 640])
tensor([22, 55,  4, 48, 46, 43, 27, 45, 54, 31], device='cuda:0')
torch.Size([10, 58, 640, 640])
tensor([56, 32, 56, 23, 39, 21, 48,  4, 35, 21], device='cuda:0')
torch.Size([10, 58, 640, 640])
tensor([11,  2, 42, 36,  8, 38, 45, 55, 15, 45], device='cuda:0')
torch.Size([10, 58, 640, 640])
tensor([43, 30, 47,  0, 28,  3, 26, 35,  0, 34], device='cuda:0')
torch.Size([10, 58, 640, 640])
tensor([18, 47,  2, 55, 14,  0,  4,  3,  2, 21], device='cuda:0')
torch.Size([10, 58, 640, 640])
tensor([55, 24, 25, 12, 53, 41, 20, 44, 37, 24], device='cuda:0')
torch.Size([10, 58, 640, 640])
tensor([41, 25, 15, 42, 23, 37, 15, 45, 29, 13], device='cuda:0')
torch.Size([10, 58, 640, 640])
tensor([30,  8, 41, 33, 43, 34,  1, 16, 14, 49], device='cuda:0')
torch.Size([10, 58, 640, 640])
tensor([38, 12, 44, 46, 54, 47, 28, 19,  4, 14], device='cuda:0')
torch.Size([10, 58, 640, 640])
tensor([13,  2, 52, 46, 43, 30, 25, 35, 39, 39], device='cuda:0')
torch.Size([10, 58, 640, 640])
tensor([ 8, 21, 39,  1, 14, 48,  0, 10, 12,  6], device='cuda:0')
torch.Size([10, 58, 640, 640])
tensor([19, 33,  8, 55, 48, 10, 33, 51, 16, 51], device='cuda:0')
torch.Size([10, 58, 640, 640])
tensor([27,  0,  2, 52, 12,  5,  6,  2, 24, 42], device='cuda:0')
torch.Size([10, 58, 640, 640])
tensor([48, 17, 37, 53, 18,  3, 13,  5, 15, 45], device='cuda:0')
torch.Size([10, 58, 640, 640])
tensor([12, 50, 32, 29,  1, 54, 23, 24, 31,  3], device='cuda:0')
torch.Size([10, 58, 640, 640])
tensor([29, 39, 34, 23, 14, 30,  3, 44, 11, 42], device='cuda:0')
torch.Size([10, 58, 640, 640])
tensor([23,  7, 23, 44, 42, 13, 48, 53, 39, 43], device='cuda:0')
torch.Size([10, 58, 640, 640])
tensor([24, 11, 27,  1,  1, 22, 44, 10, 40, 51], device='cuda:0')
torch.Size([10, 58, 640, 640])
tensor([35, 22,  2, 54, 35, 12, 54,  5, 26, 46], device='cuda:0')
torch.Size([10, 58, 640, 640])
tensor([45,  7, 15, 39,  8, 53, 31, 55, 33,  3], device='cuda:0')
torch.Size([10, 58, 640, 640])
tensor([55, 37, 35, 10, 24, 12, 46,  8,  3, 10], device='cuda:0')
torch.Size([10, 58, 640, 640])
tensor([27, 25, 27,  2, 35, 45, 23, 37, 14,  1], device='cuda:0')
torch.Size([10, 58, 640, 640])
tensor([42, 35, 12,  7,  0, 27, 30, 15, 34, 11], device='cuda:0')
torch.Size([10, 58, 640, 640])
tensor([26, 14, 15,  3, 23,  8, 14, 34, 43, 51], device='cuda:0')
torch.Size([10, 58, 640, 640])
tensor([18, 29, 11, 12, 17, 50, 54, 16, 46, 43], device='cuda:0')
torch.Size([10, 58, 640, 640])
tensor([ 4, 45, 10, 52,  9, 16, 30, 42, 33, 16], device='cuda:0')
torch.Size([10, 58, 640, 640])
tensor([ 1, 43, 31, 46, 46, 23, 25, 52, 28, 38], device='cuda:0')
torch.Size([10, 58, 640, 640])
tensor([32, 45,  1, 50, 11, 23,  2, 52, 37,  0], device='cuda:0')
torch.Size([10, 58, 640, 640])
tensor([37,  2, 16,  8,  0, 25, 20, 12, 25,  4], device='cuda:0')
torch.Size([10, 58, 640, 640])
tensor([17, 25, 20,  1, 50, 46, 10, 39,  1, 17], device='cuda:0')
torch.Size([10, 58, 640, 640])
tensor([ 5,  9, 54, 40,  0, 50, 52, 38, 19,  5], device='cuda:0')
torch.Size([10, 58, 640, 640])
tensor([22,  8, 52,  3, 42, 26, 27, 27, 19,  3], device='cuda:0')
torch.Size([10, 58, 640, 640])
tensor([14, 17, 47, 45, 14, 15, 53, 41, 11, 23], device='cuda:0')
torch.Size([10, 58, 640, 640])
tensor([34, 46, 26, 50, 56, 53,  2, 20,  7, 34], device='cuda:0')
torch.Size([10, 58, 640, 640])
tensor([26, 54, 19, 21, 43, 14, 38, 34,  7, 16], device='cuda:0')
torch.Size([10, 58, 640, 640])
tensor([53, 36, 51, 25, 10, 41,  5, 51, 12, 35], device='cuda:0')
torch.Size([10, 58, 640, 640])
tensor([34, 18, 54,  3,  0, 51, 21, 56, 45,  2], device='cuda:0')
torch.Size([10, 58, 640, 640])
tensor([ 3, 29, 12,  1, 26, 15,  8, 28, 34, 29], device='cuda:0')
torch.Size([10, 58, 640, 640])
tensor([15, 49, 46, 51, 11, 44, 39, 31,  9, 29], device='cuda:0')
torch.Size([10, 58, 640, 640])
tensor([45, 51, 15, 29, 45, 39, 35, 14, 17, 44], device='cuda:0')
torch.Size([10, 58, 640, 640])
tensor([18, 46, 49, 13,  1, 11, 16,  6, 11,  8], device='cuda:0')
torch.Size([10, 58, 640, 640])
tensor([ 5, 36, 14, 27, 34, 38, 42,  4, 45, 23], device='cuda:0')
torch.Size([10, 58, 640, 640])
tensor([51, 40, 50, 17, 20,  4,  8, 16, 14, 18], device='cuda:0')
torch.Size([10, 58, 640, 640])
tensor([ 4, 33, 29,  9, 48, 32,  6, 18, 21, 29], device='cuda:0')
torch.Size([10, 58, 640, 640])
tensor([53,  8, 41, 44, 50, 52, 20, 10, 36, 27], device='cuda:0')
torch.Size([10, 58, 640, 640])
tensor([30, 26, 13, 17, 48,  9,  0, 28, 16, 43], device='cuda:0')
torch.Size([10, 58, 640, 640])
tensor([27, 28, 36,  2, 17, 48, 31, 45, 36,  3], device='cuda:0')
torch.Size([10, 58, 640, 640])
tensor([ 2, 38, 36, 41, 12, 30, 11, 55, 35, 50], device='cuda:0')
torch.Size([10, 58, 640, 640])
tensor([11, 13, 34, 49, 23, 24, 45, 44,  6, 36], device='cuda:0')
torch.Size([10, 58, 640, 640])
tensor([ 4,  8, 26, 26, 19, 25, 50, 54, 31, 37], device='cuda:0')
torch.Size([10, 58, 640, 640])
tensor([35, 19, 27, 54,  6, 16, 42, 50, 50,  7], device='cuda:0')
torch.Size([10, 58, 640, 640])
tensor([22, 25, 14, 36, 39,  4, 17, 47, 20, 41], device='cuda:0')
torch.Size([10, 58, 640, 640])
tensor([41, 27,  2,  3, 36, 35, 40,  8, 50, 12], device='cuda:0')
torch.Size([10, 58, 640, 640])
tensor([24, 43, 50, 27, 24,  5, 47, 23, 20,  6], device='cuda:0')
torch.Size([10, 58, 640, 640])
tensor([36, 18,  7, 13, 52, 41, 52, 53, 31, 45], device='cuda:0')
torch.Size([10, 58, 640, 640])
tensor([45, 44, 46, 43, 40, 34, 35, 40, 27, 26], device='cuda:0')
torch.Size([10, 58, 640, 640])
tensor([18, 40, 26, 31, 20,  5, 12, 29, 49, 53], device='cuda:0')
torch.Size([10, 58, 640, 640])
tensor([ 9,  6, 17,  5, 55, 44, 29, 15, 50, 18], device='cuda:0')
torch.Size([10, 58, 640, 640])
tensor([56, 38, 26, 35, 51, 40, 35, 34, 42, 54], device='cuda:0')
torch.Size([10, 58, 640, 640])
tensor([10, 44, 10, 14, 22,  3, 37, 56, 16,  3], device='cuda:0')
torch.Size([10, 58, 640, 640])
tensor([ 2, 20, 19, 22, 20,  8, 11, 36,  1, 32], device='cuda:0')
torch.Size([10, 58, 640, 640])
tensor([43, 21, 10, 16, 50, 44, 45, 30, 13, 10], device='cuda:0')
torch.Size([10, 58, 640, 640])
tensor([10,  4, 54, 52, 16, 32, 23, 48, 33, 44], device='cuda:0')
torch.Size([10, 58, 640, 640])
tensor([29, 24, 51, 32,  8, 17, 51, 55, 15, 48], device='cuda:0')
torch.Size([10, 58, 640, 640])
tensor([51, 42, 46, 17, 45, 54, 28, 52, 10, 30], device='cuda:0')
torch.Size([10, 58, 640, 640])
tensor([53, 36, 23, 17, 54, 11, 41, 53, 38,  1], device='cuda:0')
torch.Size([10, 58, 640, 640])
tensor([48, 33, 37, 48, 48, 17, 46, 43, 53, 10], device='cuda:0')
torch.Size([10, 58, 640, 640])
tensor([19, 28, 24, 50, 14, 26, 37, 50, 49, 54], device='cuda:0')
torch.Size([10, 58, 640, 640])
tensor([41, 24, 51, 46, 36, 49, 49, 39, 10, 30], device='cuda:0')
torch.Size([10, 58, 640, 640])
tensor([45, 45, 33, 31, 11,  9, 26, 37,  2,  2], device='cuda:0')
torch.Size([10, 58, 640, 640])
tensor([38, 34, 10, 55, 45, 26, 15, 18, 45, 22], device='cuda:0')
torch.Size([10, 58, 640, 640])
tensor([15, 30, 56, 34, 29, 17,  7, 41, 21, 32], device='cuda:0')
torch.Size([10, 58, 640, 640])
tensor([30, 54, 53,  4, 24, 27, 46, 26, 35, 32], device='cuda:0')
torch.Size([10, 58, 640, 640])
tensor([10, 49, 27,  3, 45, 22, 56, 47, 49, 33], device='cuda:0')
torch.Size([10, 58, 640, 640])
tensor([35, 36, 51,  2, 41, 28, 21,  0, 56, 33], device='cuda:0')
torch.Size([10, 58, 640, 640])
tensor([48, 48, 20, 39, 43,  1, 18, 21,  7, 21], device='cuda:0')
torch.Size([10, 58, 640, 640])
tensor([54, 18, 33, 37, 12, 56, 19, 31, 23, 27], device='cuda:0')
torch.Size([10, 58, 640, 640])
tensor([16, 56, 30, 24, 46, 13,  9, 44, 28, 45], device='cuda:0')
torch.Size([10, 58, 640, 640])
tensor([40, 11,  8, 30, 43, 46, 14, 13, 18, 32], device='cuda:0')
torch.Size([10, 58, 640, 640])
tensor([55, 47, 44, 48,  1,  2, 29,  5, 39, 20], device='cuda:0')
torch.Size([10, 58, 640, 640])
tensor([46, 48, 32, 24, 21, 23, 43, 48, 33, 25], device='cuda:0')
torch.Size([10, 58, 640, 640])
tensor([ 0, 33,  3, 50, 44, 17, 21,  3, 22,  3], device='cuda:0')
torch.Size([10, 58, 640, 640])
tensor([14, 42, 12, 44, 17, 43, 14,  1, 25, 20], device='cuda:0')
torch.Size([10, 58, 640, 640])
tensor([ 6, 26, 29,  1,  6, 47, 53, 51,  5, 53], device='cuda:0')
torch.Size([10, 58, 640, 640])
tensor([56, 24, 15,  0, 25, 41, 27, 21, 40, 36], device='cuda:0')
torch.Size([10, 58, 640, 640])
tensor([19, 10, 25, 52, 39, 26, 52,  9, 32, 14], device='cuda:0')
torch.Size([10, 58, 640, 640])
tensor([30,  5, 47, 36, 52, 25, 23, 12, 41, 42], device='cuda:0')
torch.Size([10, 58, 640, 640])
tensor([15, 45,  2, 18, 14, 27, 52, 35, 40, 32], device='cuda:0')
torch.Size([10, 58, 640, 640])
tensor([ 7,  5, 17,  5, 47,  1, 48, 25, 53,  1], device='cuda:0')
torch.Size([10, 58, 640, 640])
tensor([21, 48,  6, 24,  8, 22, 19, 19, 16, 21], device='cuda:0')
torch.Size([10, 58, 640, 640])
tensor([43, 20,  8,  8, 51, 53, 44, 40, 47, 40], device='cuda:0')
torch.Size([10, 58, 640, 640])
tensor([13, 45, 10, 19, 13, 33, 39, 55, 34, 54], device='cuda:0')
torch.Size([10, 58, 640, 640])
tensor([38, 46, 46, 49, 16, 55, 21, 38, 44,  4], device='cuda:0')
torch.Size([10, 58, 640, 640])
tensor([21, 45, 53, 39, 38,  2, 45, 35, 42, 46], device='cuda:0')
torch.Size([10, 58, 640, 640])
tensor([41, 37, 48,  9, 29, 27, 51, 10, 56, 50], device='cuda:0')
torch.Size([10, 58, 640, 640])
tensor([ 2, 23, 36,  1, 51, 30,  5, 37, 23, 16], device='cuda:0')
torch.Size([10, 58, 640, 640])
tensor([33, 19, 23, 55, 56, 29, 20, 35, 12, 24], device='cuda:0')
torch.Size([10, 58, 640, 640])
tensor([44, 52, 24, 16, 46, 47,  1, 28,  2, 44], device='cuda:0')
torch.Size([10, 58, 640, 640])
tensor([38,  5, 28, 38, 53, 51, 27, 24, 20, 30], device='cuda:0')
torch.Size([10, 58, 640, 640])
tensor([50, 47, 17, 46, 17, 10, 28, 45, 47, 23], device='cuda:0')
torch.Size([10, 58, 640, 640])
tensor([54, 53, 14, 46, 19, 47,  2, 53, 38,  0], device='cuda:0')
torch.Size([10, 58, 640, 640])
tensor([26, 18, 31, 54, 17, 38, 19, 26,  0, 53], device='cuda:0')
torch.Size([10, 58, 640, 640])
tensor([55, 20, 32, 41, 21, 43, 29, 26, 53, 15], device='cuda:0')
torch.Size([10, 58, 640, 640])
tensor([42, 32, 46, 50, 47,  1, 18,  5, 18, 30], device='cuda:0')
torch.Size([10, 58, 640, 640])
tensor([53, 12, 18,  2, 25, 28, 13, 23,  9, 50], device='cuda:0')
torch.Size([10, 58, 640, 640])
tensor([11, 40, 24, 33, 28,  9, 17, 56, 21, 23], device='cuda:0')
torch.Size([10, 58, 640, 640])
tensor([29, 45, 33, 31, 24, 52, 45, 34, 28, 37], device='cuda:0')
torch.Size([10, 58, 640, 640])
tensor([51,  3, 48, 53, 35, 13, 46, 54, 54,  2], device='cuda:0')
torch.Size([10, 58, 640, 640])
tensor([19, 33, 11, 31, 52, 25, 53, 29, 26,  0], device='cuda:0')
torch.Size([10, 58, 640, 640])
tensor([31, 52, 49, 43,  0,  3, 44,  1, 35, 17], device='cuda:0')
torch.Size([10, 58, 640, 640])
tensor([ 2, 39, 23, 20, 24, 19, 41, 46, 36, 11], device='cuda:0')
torch.Size([10, 58, 640, 640])
tensor([51, 37, 48, 42, 35, 42, 29, 14, 36, 12], device='cuda:0')
torch.Size([10, 58, 640, 640])
tensor([40,  6,  2, 38, 17, 15, 47, 55, 34, 24], device='cuda:0')
torch.Size([10, 58, 640, 640])
tensor([22, 30,  6,  9, 11, 51, 25,  7, 38, 20], device='cuda:0')
torch.Size([10, 58, 640, 640])
tensor([13, 53, 12, 19, 12, 55, 21,  0,  3, 30], device='cuda:0')
torch.Size([10, 58, 640, 640])
tensor([51, 14, 55, 16, 13,  6, 24, 56, 26, 53], device='cuda:0')
torch.Size([10, 58, 640, 640])
tensor([52, 29, 20,  5, 27, 24, 39, 31, 49, 51], device='cuda:0')
torch.Size([10, 58, 640, 640])
tensor([ 6,  8, 36, 40, 24,  0, 21,  2, 44, 46], device='cuda:0')
torch.Size([10, 58, 640, 640])
tensor([ 3, 48, 55, 34, 52, 52, 29, 17,  1, 18], device='cuda:0')
torch.Size([10, 58, 640, 640])
tensor([ 4, 53, 41, 50, 16, 45, 35, 14, 11, 16], device='cuda:0')
torch.Size([10, 58, 640, 640])
tensor([36, 47, 12, 15,  0, 37, 42, 44, 49, 55], device='cuda:0')
torch.Size([10, 58, 640, 640])
tensor([ 0,  2, 55, 29, 55, 27,  0, 45, 33, 46], device='cuda:0')
torch.Size([10, 58, 640, 640])
tensor([53,  5, 26, 26, 13, 16, 18, 26, 16, 29], device='cuda:0')
torch.Size([10, 58, 640, 640])
tensor([33, 37, 21, 14, 40, 23, 54, 13, 53, 17], device='cuda:0')
torch.Size([10, 58, 640, 640])
tensor([56, 19, 14, 23,  3, 32,  6,  0, 14, 24], device='cuda:0')
torch.Size([10, 58, 640, 640])
tensor([25,  3, 46, 17, 32,  2, 12, 43, 56,  5], device='cuda:0')
torch.Size([10, 58, 640, 640])
tensor([19, 28, 29, 31, 10, 36, 29, 35, 26, 15], device='cuda:0')
torch.Size([10, 58, 640, 640])
tensor([ 3,  9, 46,  3,  0, 35, 37, 11, 13, 54], device='cuda:0')
torch.Size([10, 58, 640, 640])
tensor([35, 47, 54, 26, 12, 56, 44,  8, 15,  5], device='cuda:0')
torch.Size([10, 58, 640, 640])
tensor([40, 45, 52, 44, 56, 45, 45, 37, 37, 14], device='cuda:0')
torch.Size([10, 58, 640, 640])
tensor([14, 20, 47, 50, 13, 25, 34, 26, 33, 53], device='cuda:0')
torch.Size([10, 58, 640, 640])
tensor([41, 49, 44,  1, 36, 53, 33, 52, 44, 43], device='cuda:0')
torch.Size([10, 58, 640, 640])
tensor([56, 41, 43, 49, 17, 35, 12, 21, 55, 12], device='cuda:0')
torch.Size([10, 58, 640, 640])
tensor([15, 21, 14, 24, 21, 20, 37, 34, 30, 47], device='cuda:0')
torch.Size([10, 58, 640, 640])
tensor([40, 11, 44, 38, 32, 19, 36, 13, 41, 45], device='cuda:0')
torch.Size([10, 58, 640, 640])
tensor([32,  5, 12, 10, 34, 47, 41, 52,  5, 47], device='cuda:0')
torch.Size([10, 58, 640, 640])
tensor([42,  3,  5, 20, 54, 16, 51, 10, 24, 23], device='cuda:0')
torch.Size([10, 58, 640, 640])
tensor([29, 40, 43,  4, 27, 29, 15, 15, 38, 21], device='cuda:0')
torch.Size([10, 58, 640, 640])
tensor([30, 44,  9, 48, 13, 33, 43,  5, 21,  3], device='cuda:0')
torch.Size([10, 58, 640, 640])
tensor([19, 37,  3, 21, 20, 32, 11, 47, 52, 34], device='cuda:0')
torch.Size([10, 58, 640, 640])
tensor([26, 47, 13,  5, 24, 31, 39,  2, 13, 37], device='cuda:0')
torch.Size([10, 58, 640, 640])
tensor([ 8, 43, 13, 39, 41, 38, 51, 55, 10, 41], device='cuda:0')
torch.Size([10, 58, 640, 640])
tensor([36, 44, 16, 39, 52, 56, 42, 10, 16,  9], device='cuda:0')
torch.Size([10, 58, 640, 640])
tensor([ 4, 39, 45,  3, 36, 14, 17, 24,  6, 28], device='cuda:0')
torch.Size([10, 58, 640, 640])
tensor([21, 51,  3, 44, 41, 18, 18, 54, 50,  2], device='cuda:0')
torch.Size([10, 58, 640, 640])
tensor([51, 54, 52, 23, 52, 23,  0,  2, 15, 37], device='cuda:0')
torch.Size([10, 58, 640, 640])
tensor([16, 29, 27, 36, 43, 27, 23, 50, 44, 14], device='cuda:0')
torch.Size([10, 58, 640, 640])
tensor([52, 17, 19, 56, 28, 36, 55,  2,  6, 44], device='cuda:0')
torch.Size([10, 58, 640, 640])
tensor([10, 13, 47, 42,  0, 28, 12, 17, 37,  7], device='cuda:0')
torch.Size([10, 58, 640, 640])
tensor([17, 42,  0, 48, 18, 16,  5, 17, 34,  8], device='cuda:0')
torch.Size([10, 58, 640, 640])
tensor([38, 48, 31,  8, 22, 49, 39, 49,  1, 16], device='cuda:0')
torch.Size([10, 58, 640, 640])
tensor([ 7, 35, 18, 47, 47, 41, 29, 24, 10,  6], device='cuda:0')
torch.Size([10, 58, 640, 640])
tensor([49, 29, 32,  5, 36, 52,  1, 50, 11, 10], device='cuda:0')
torch.Size([10, 58, 640, 640])
tensor([45, 18, 36,  3,  5, 13, 20, 25, 46,  2], device='cuda:0')
torch.Size([10, 58, 640, 640])
tensor([20,  4, 11,  6, 15,  1,  9, 16, 54, 32], device='cuda:0')
torch.Size([10, 58, 640, 640])
tensor([35, 38, 40, 38, 27, 47, 56, 41,  2, 31], device='cuda:0')
torch.Size([10, 58, 640, 640])
tensor([47, 35, 16, 38, 11, 36, 36, 23, 14,  3], device='cuda:0')
torch.Size([10, 58, 640, 640])
tensor([56, 33, 12,  0, 42, 39, 48, 42, 16,  7], device='cuda:0')
torch.Size([10, 58, 640, 640])
tensor([27, 13, 34, 47,  8, 45,  8, 37,  2, 41], device='cuda:0')
torch.Size([10, 58, 640, 640])
tensor([10, 49, 48, 20, 39, 37, 19, 55, 45, 12], device='cuda:0')
torch.Size([10, 58, 640, 640])
tensor([25, 17, 16, 11, 10,  8, 26, 35, 10, 48], device='cuda:0')
torch.Size([10, 58, 640, 640])
tensor([36, 50, 47, 36, 13, 13, 15,  4, 20, 41], device='cuda:0')
torch.Size([10, 58, 640, 640])
tensor([52, 50,  8, 10,  0, 27, 17, 11,  2,  4], device='cuda:0')
torch.Size([10, 58, 640, 640])
tensor([55, 43, 35, 10, 16, 49, 14, 24, 35, 14], device='cuda:0')
torch.Size([10, 58, 640, 640])
tensor([19, 49,  2, 50, 19, 20, 20,  2, 54,  4], device='cuda:0')
torch.Size([10, 58, 640, 640])
tensor([48, 51, 25, 23, 36, 43, 18,  7, 50, 44], device='cuda:0')
torch.Size([10, 58, 640, 640])
tensor([36, 54, 11,  9, 46, 52, 52,  7, 15, 11], device='cuda:0')
torch.Size([10, 58, 640, 640])
tensor([38, 24, 16, 18, 55, 56, 30, 46, 12,  5], device='cuda:0')
torch.Size([10, 58, 640, 640])
tensor([20, 25, 36, 20,  5, 20, 24,  2, 34,  1], device='cuda:0')
torch.Size([10, 58, 640, 640])
tensor([14,  4,  4, 16, 32, 38, 30, 43, 45, 25], device='cuda:0')
torch.Size([10, 58, 640, 640])
tensor([32, 15,  4, 16, 50, 34,  1, 14, 49, 27], device='cuda:0')
torch.Size([10, 58, 640, 640])
tensor([49, 41, 43, 53, 41, 38,  0,  3, 45, 43], device='cuda:0')
torch.Size([10, 58, 640, 640])
tensor([32, 28, 48,  4, 36,  9,  3, 28, 14, 11], device='cuda:0')
torch.Size([10, 58, 640, 640])
tensor([18,  9, 22, 35, 36, 31, 15, 23, 49,  9], device='cuda:0')
torch.Size([10, 58, 640, 640])
tensor([28, 35, 36, 35, 42, 50, 35, 30, 12,  7], device='cuda:0')
torch.Size([10, 58, 640, 640])
tensor([ 3,  2, 50, 22, 55, 27,  4, 55, 31, 26], device='cuda:0')
torch.Size([10, 58, 640, 640])
tensor([46, 16,  6, 22, 22, 24, 32, 33, 23, 49], device='cuda:0')
torch.Size([10, 58, 640, 640])
tensor([28, 16, 27, 45, 50, 36, 47, 30, 41, 25], device='cuda:0')




lvis
  label  seg_miou  seg_fg_iou  seg_bg_iou  cls_fg_iou  cls_miou
0  MEAN  0.566583    0.148019    0.985148     0.16979  0.577469
lvis
  label  seg_miou  seg_fg_iou  seg_bg_iou  cls_fg_iou  cls_miou
0  MEAN  0.720847    0.452931    0.988762    0.169557  0.579159
